# Opmerking: door stationsverplaatsingen en veranderingen in waarneemmethodieken zijn deze tijdreeksen van uurwaarden mogelijk inhomogeen! Dat betekent dat deze reeks van gemeten waarden niet geschikt is voor trendanalyse. Voor studies naar klimaatverandering verwijzen we naar de gehomogeniseerde dagreeksen <http://www.knmi.nl/nederland-nu/klimatologie/daggegevens> of de Centraal Nederland Temperatuur <http://www.knmi.nl/kennis-en-datacentrum/achtergrond/centraal-nederland-temperatuur-cnt>.
# 
# SOURCE: ROYAL NETHERLANDS METEOROLOGICAL INSTITUTE (KNMI)
"# Comment: These time series are inhomogeneous because of station relocations and changes in observation techniques. As a result, these series are not suitable for trend analysis. For climate change studies we refer to the homogenized series of daily data <http://www.knmi.nl/nederland-nu/klimatologie/daggegevens> or the Central Netherlands Temperature <http://www.knmi.nl/kennis-en-datacentrum/achtergrond/centraal-nederland-temperatuur-cnt>."
# 
# STN         LON(east)   LAT(north)  ALT(m)      NAME
# 235         4.781       52.928      1.20        De Kooy     
# DD        : Windrichting (in graden) gemiddeld over de laatste 10 minuten van het afgelopen uur (360=noord; 90=oost; 180=zuid; 270=west; 0=windstil 990=veranderlijk. Zie http://www.knmi.nl/kennis-en-datacentrum/achtergrond/klimatologische-brochures-en-boeken / Mean wind direction (in degrees) during the 10-minute period preceding the time of observation (360=north; 90=east; 180=south; 270=west; 0=calm 990=variable)
# FF        : Windsnelheid (in 0.1 m/s) gemiddeld over de laatste 10 minuten van het afgelopen uur / Mean wind speed (in 0.1 m/s) during the 10-minute period preceding the time of observation
# T         : Temperatuur (in 0.1 graden Celsius) op 1.50 m hoogte tijdens de waarneming / Temperature (in 0.1 degrees Celsius) at 1.50 m at the time of observation
# STN,YYYYMMDD,H,   DD,   FF,    T
  235,20210906,    1,   90,   20,  150
  235,20210906,    2,   90,   20,  131
  235,20210906,    3,   90,   10,  131
  235,20210906,    4,  100,   10,  132
  235,20210906,    5,  110,   10,  128
  235,20210906,    6,  100,   10,  149
  235,20210906,    7,  130,   10,  165
  235,20210906,    8,  110,   10,  185
  235,20210906,    9,   80,   20,  200
  235,20210906,   10,   80,   30,  205
  235,20210906,   11,   50,   30,  205
  235,20210906,   12,   60,   20,  200
  235,20210906,   13,   40,   20,  207
  235,20210906,   14,   50,   20,  207
  235,20210906,   15,   50,   10,  200
  235,20210906,   16,   50,   20,  203
  235,20210906,   17,   40,   20,  191
  235,20210906,   18,   70,   20,  184
  235,20210906,   19,  100,   20,  181
  235,20210906,   20,  100,   10,  174
  235,20210906,   21,  110,   10,  176
  235,20210906,   22,    0,    0,  170
  235,20210906,   23,  150,   20,  165
  235,20210906,   24,  140,   20,  158
  235,20210907,    1,  150,   10,  145
  235,20210907,    2,  150,   20,  140
  235,20210907,    3,  150,   20,  139
  235,20210907,    4,  190,   10,  145
  235,20210907,    5,  150,   20,  144
  235,20210907,    6,  200,   20,  161
  235,20210907,    7,  210,   10,  172
  235,20210907,    8,  200,   20,  190
  235,20210907,    9,  210,   20,  213
  235,20210907,   10,  230,   30,  233
  235,20210907,   11,  240,   30,  238
  235,20210907,   12,  240,   30,  242
  235,20210907,   13,   20,   20,  244
  235,20210907,   14,   60,   20,  239
  235,20210907,   15,   40,   20,  241
  235,20210907,   16,  100,   30,  244
  235,20210907,   17,  110,   30,  232
  235,20210907,   18,  100,   30,  221
  235,20210907,   19,  110,   20,  207
  235,20210907,   20,  100,   20,  197
  235,20210907,   21,  100,   20,  200
  235,20210907,   22,  120,   20,  189
  235,20210907,   23,  110,   20,  185
  235,20210907,   24,  110,   30,  180
  235,20210908,    1,  110,   20,  176
  235,20210908,    2,  120,   20,  171
  235,20210908,    3,   80,   20,  161
  235,20210908,    4,   80,   20,  152
  235,20210908,    5,   90,   30,  173
  235,20210908,    6,   80,   30,  181
  235,20210908,    7,  100,   30,  187
  235,20210908,    8,  100,   40,  197
  235,20210908,    9,   90,   40,  210
  235,20210908,   10,   90,   40,  223
  235,20210908,   11,   90,   40,  229
  235,20210908,   12,   80,   50,  239
  235,20210908,   13,  100,   40,  247
  235,20210908,   14,   90,   50,  250
  235,20210908,   15,  100,   60,  252
  235,20210908,   16,  100,   50,  248
  235,20210908,   17,   90,   30,  242
  235,20210908,   18,   70,   30,  218
  235,20210908,   19,   90,   20,  211
  235,20210908,   20,   90,   20,  208
  235,20210908,   21,  100,   20,  204
  235,20210908,   22,   90,   30,  201
  235,20210908,   23,  110,   30,  198
  235,20210908,   24,  100,   30,  192
  235,20210909,    1,  100,   30,  183
  235,20210909,    2,   90,   30,  177
  235,20210909,    3,   90,   30,  175
  235,20210909,    4,  100,   30,  170
  235,20210909,    5,  100,   30,  167
  235,20210909,    6,  110,   30,  177
  235,20210909,    7,  110,   30,  190
  235,20210909,    8,  110,   40,  205
  235,20210909,    9,  110,   30,  217
  235,20210909,   10,  150,   30,  240
  235,20210909,   11,  170,   30,  246
  235,20210909,   12,  240,   30,  241
  235,20210909,   13,  230,   70,  216
  235,20210909,   14,  230,   80,  207
  235,20210909,   15,  240,   50,  202
  235,20210909,   16,  210,   40,  193
  235,20210909,   17,  210,   50,  195
  235,20210909,   18,  210,   40,  186
  235,20210909,   19,  190,   30,  178
  235,20210909,   20,  200,   20,  167
  235,20210909,   21,  220,   20,  168
  235,20210909,   22,  200,   20,  166
  235,20210909,   23,  190,   20,  165
  235,20210909,   24,  200,   20,  164
  235,20210910,    1,  160,   20,  170
  235,20210910,    2,  160,   20,  169
  235,20210910,    3,  150,   20,  177
  235,20210910,    4,  190,   10,  173
  235,20210910,    5,  150,   20,  177
  235,20210910,    6,  190,   20,  170
  235,20210910,    7,  200,   30,  185
  235,20210910,    8,  220,   40,  194
  235,20210910,    9,  220,   40,  196
  235,20210910,   10,  220,   40,  207
  235,20210910,   11,  220,   40,  210
  235,20210910,   12,  230,   40,  201
  235,20210910,   13,  230,   60,  203
  235,20210910,   14,  230,   60,  197
  235,20210910,   15,  210,   60,  195
  235,20210910,   16,  220,   50,  198
  235,20210910,   17,  230,   50,  194
  235,20210910,   18,  220,   40,  185
  235,20210910,   19,  180,   30,  173
  235,20210910,   20,  190,   30,  170
  235,20210910,   21,  190,   30,  178
  235,20210910,   22,  210,   40,  174
  235,20210910,   23,  210,   40,  176
  235,20210910,   24,  210,   40,  179
  235,20210911,    1,  210,   50,  181
  235,20210911,    2,  220,   50,  182
  235,20210911,    3,  220,   50,  182
  235,20210911,    4,  220,   50,  180
  235,20210911,    5,  230,   50,  181
  235,20210911,    6,  230,   50,  181
  235,20210911,    7,  230,   50,  183
  235,20210911,    8,  240,   50,  184
  235,20210911,    9,  240,   70,  190
  235,20210911,   10,  240,   60,  185
  235,20210911,   11,  250,   50,  182
  235,20210911,   12,  260,   60,  178
  235,20210911,   13,  260,   60,  188
  235,20210911,   14,  250,   60,  190
  235,20210911,   15,  250,   50,  188
  235,20210911,   16,  250,   50,  187
  235,20210911,   17,  250,   50,  187
  235,20210911,   18,  240,   40,  179
  235,20210911,   19,  240,   40,  179
  235,20210911,   20,  230,   40,  181
  235,20210911,   21,  230,   40,  181
  235,20210911,   22,  230,   40,  182
  235,20210911,   23,  220,   40,  178
  235,20210911,   24,  220,   40,  176
  235,20210912,    1,  230,   40,  175
  235,20210912,    2,  230,   30,  177
  235,20210912,    3,  240,   20,  166
  235,20210912,    4,  260,   20,  161
  235,20210912,    5,  290,   20,  155
  235,20210912,    6,  270,   20,  159
  235,20210912,    7,  270,   20,  173
  235,20210912,    8,  280,   40,  181
  235,20210912,    9,  280,   40,  182
  235,20210912,   10,  280,   50,  187
  235,20210912,   11,  290,   50,  182
  235,20210912,   12,  290,   60,  186
  235,20210912,   13,  300,   50,  181
  235,20210912,   14,  290,   50,  182
  235,20210912,   15,  300,   50,  182
  235,20210912,   16,  300,   50,  175
  235,20210912,   17,  310,   40,  163
  235,20210912,   18,  300,   40,  158
  235,20210912,   19,  300,   30,  159
  235,20210912,   20,  310,   40,  160
  235,20210912,   21,  320,   30,  162
  235,20210912,   22,  330,   30,  163
  235,20210912,   23,  350,   30,  155
  235,20210912,   24,  360,   30,  151
  235,20210913,    1,  360,   20,  148
  235,20210913,    2,   40,   20,  144
  235,20210913,    3,  360,   10,  144
  235,20210913,    4,    0,    0,  141
  235,20210913,    5,  360,   10,  136
  235,20210913,    6,  360,   10,  148
  235,20210913,    7,   10,   20,  161
  235,20210913,    8,   20,   20,  172
  235,20210913,    9,   20,   30,  171
  235,20210913,   10,   40,   30,  174
  235,20210913,   11,   60,   30,  175
  235,20210913,   12,   60,   30,  175
  235,20210913,   13,   80,   40,  178
  235,20210913,   14,   80,   30,  172
  235,20210913,   15,   70,   30,  176
  235,20210913,   16,   70,   30,  171
  235,20210913,   17,   60,   30,  167
  235,20210913,   18,   60,   40,  165
  235,20210913,   19,   60,   40,  157
  235,20210913,   20,   80,   40,  163
  235,20210913,   21,   80,   50,  161
  235,20210913,   22,   90,   50,  158
  235,20210913,   23,   90,   50,  159
  235,20210913,   24,   90,   40,  156
  235,20210914,    1,   90,   50,  152
  235,20210914,    2,  100,   40,  149
  235,20210914,    3,   90,   40,  146
  235,20210914,    4,   80,   50,  145
  235,20210914,    5,   80,   40,  144
  235,20210914,    6,   90,   40,  145
  235,20210914,    7,   80,   40,  156
  235,20210914,    8,  100,   40,  159
  235,20210914,    9,   90,   50,  173
  235,20210914,   10,   80,   50,  180
  235,20210914,   11,  100,   40,  193
  235,20210914,   12,   70,   50,  205
  235,20210914,   13,   80,   50,  205
  235,20210914,   14,   80,   50,  208
  235,20210914,   15,   80,   40,  201
  235,20210914,   16,   60,   30,  198
  235,20210914,   17,   60,   40,  195
  235,20210914,   18,   90,   30,  197
  235,20210914,   19,  100,   20,  193
  235,20210914,   20,  100,   30,  178
  235,20210914,   21,   80,   30,  182
  235,20210914,   22,   90,   30,  184
  235,20210914,   23,  110,   30,  181
  235,20210914,   24,  120,   20,  181
  235,20210915,    1,  150,   30,  178
  235,20210915,    2,  170,   30,  179
  235,20210915,    3,  180,   20,  172
  235,20210915,    4,  190,   30,  178
  235,20210915,    5,  170,   30,  173
  235,20210915,    6,  200,   30,  177
  235,20210915,    7,  250,   40,  183
  235,20210915,    8,  250,   40,  176
  235,20210915,    9,  250,   50,  185
  235,20210915,   10,  250,   40,  190
  235,20210915,   11,  250,   50,  186
  235,20210915,   12,  310,   50,  184
  235,20210915,   13,  310,   60,  179
  235,20210915,   14,  300,   60,  173
  235,20210915,   15,  300,   50,  169
  235,20210915,   16,  290,   40,  166
  235,20210915,   17,  300,   60,  162
  235,20210915,   18,  290,   60,  162
  235,20210915,   19,  290,   60,  161
  235,20210915,   20,  290,   50,  158
  235,20210915,   21,  290,   50,  159
  235,20210915,   22,  290,   60,  157
  235,20210915,   23,  290,   60,  159
  235,20210915,   24,  280,   70,  158
  235,20210916,    1,  300,   60,  159
  235,20210916,    2,  300,   60,  159
  235,20210916,    3,  310,   50,  161
  235,20210916,    4,  300,   60,  158
  235,20210916,    5,  310,   50,  158
  235,20210916,    6,  300,   40,  155
  235,20210916,    7,  300,   50,  163
  235,20210916,    8,  290,   50,  168
  235,20210916,    9,  290,   60,  174
  235,20210916,   10,  290,   60,  171
  235,20210916,   11,  270,   60,  179
  235,20210916,   12,  270,   60,  181
  235,20210916,   13,  270,   70,  187
  235,20210916,   14,  270,   60,  188
  235,20210916,   15,  270,   50,  188
  235,20210916,   16,  270,   50,  183
  235,20210916,   17,  280,   30,  173
  235,20210916,   18,  300,   20,  160
  235,20210916,   19,  280,   20,  152
  235,20210916,   20,  260,   20,  149
  235,20210916,   21,  280,   10,  139
  235,20210916,   22,  250,   20,  139
  235,20210916,   23,  250,   10,  133
  235,20210916,   24,  250,   10,  135
  235,20210917,    1,  190,   20,  128
  235,20210917,    2,  190,   10,  133
  235,20210917,    3,  180,   20,  141
  235,20210917,    4,   90,   10,  147
  235,20210917,    5,  170,   20,  146
  235,20210917,    6,  120,   20,  149
  235,20210917,    7,  120,   20,  157
  235,20210917,    8,  170,   30,  171
  235,20210917,    9,  170,   20,  180
  235,20210917,   10,  210,   20,  188
  235,20210917,   11,  250,   40,  193
  235,20210917,   12,  260,   50,  198
  235,20210917,   13,  260,   50,  190
  235,20210917,   14,  250,   50,  196
  235,20210917,   15,  250,   30,  186
  235,20210917,   16,  260,   40,  183
  235,20210917,   17,  270,   30,  177
  235,20210917,   18,  260,   10,  162
  235,20210917,   19,  260,   10,  141
  235,20210917,   20,  260,   10,  136
  235,20210917,   21,  140,   10,  129
  235,20210917,   22,  230,   10,  129
  235,20210917,   23,    0,    0,  118
  235,20210917,   24,  220,   10,  121
  235,20210918,    1,  180,   10,  126
  235,20210918,    2,  190,   10,  124
  235,20210918,    3,  200,   10,  123
  235,20210918,    4,    0,    0,  113
  235,20210918,    5,  140,   10,  120
  235,20210918,    6,  120,   20,  140
  235,20210918,    7,  130,   20,  152
  235,20210918,    8,  150,   20,  172
  235,20210918,    9,  120,   30,  184
  235,20210918,   10,  140,   20,  193
  235,20210918,   11,   90,   30,  194
  235,20210918,   12,  120,   40,  198
  235,20210918,   13,  110,   30,  195
  235,20210918,   14,   80,   40,  195
  235,20210918,   15,   70,   40,  195
  235,20210918,   16,   90,   30,  192
  235,20210918,   17,  110,   30,  182
  235,20210918,   18,  100,   20,  175
  235,20210918,   19,   80,   30,  176
  235,20210918,   20,   90,   40,  176
  235,20210918,   21,   90,   40,  173
  235,20210918,   22,  100,   40,  164
  235,20210918,   23,  110,   30,  154
  235,20210918,   24,  100,   30,  151
  235,20210919,    1,   90,   30,  150
  235,20210919,    2,  100,   30,  148
  235,20210919,    3,   90,   30,  150
  235,20210919,    4,  110,   50,  151
  235,20210919,    5,  110,   50,  151
  235,20210919,    6,  110,   50,  152
  235,20210919,    7,   90,   50,  154
  235,20210919,    8,  110,   50,  158
  235,20210919,    9,  110,   60,  164
  235,20210919,   10,  100,   50,  168
  235,20210919,   11,  100,   50,  166
  235,20210919,   12,  100,   50,  173
  235,20210919,   13,  100,   60,  183
  235,20210919,   14,  100,   60,  182
  235,20210919,   15,  100,   50,  182
  235,20210919,   16,  110,   40,  179
  235,20210919,   17,  110,   40,  174
  235,20210919,   18,  110,   40,  170
  235,20210919,   19,  100,   40,  169
  235,20210919,   20,  110,   50,  162
  235,20210919,   21,  110,   60,  155
  235,20210919,   22,  110,   50,  147
  235,20210919,   23,  110,   40,  142
  235,20210919,   24,  110,   30,  136
  235,20210920,    1,  120,   60,  136
  235,20210920,    2,  110,   40,  136
  235,20210920,    3,  120,   20,  132
  235,20210920,    4,  110,   30,  130
  235,20210920,    5,  120,   30,  121
  235,20210920,    6,  120,   30,  122
  235,20210920,    7,  100,   40,  140
  235,20210920,    8,   90,   40,  145
  235,20210920,    9,  100,   40,  157
  235,20210920,   10,  110,   40,  160
  235,20210920,   11,   80,   50,  165
  235,20210920,   12,   60,   40,  166
  235,20210920,   13,   50,   40,  171
  235,20210920,   14,   40,   40,  163
  235,20210920,   15,   20,   40,  166
  235,20210920,   16,   30,   40,  159
  235,20210920,   17,   30,   30,  155
  235,20210920,   18,   10,   20,  147
  235,20210920,   19,   60,   50,  148
  235,20210920,   20,   80,   40,  149
  235,20210920,   21,  110,   30,  144
  235,20210920,   22,  100,   20,  140
  235,20210920,   23,  140,   10,  121
  235,20210920,   24,  990,   10,  108
  235,20210921,    1,  190,   20,  100
  235,20210921,    2,  210,   20,   96
  235,20210921,    3,  200,   10,  102
  235,20210921,    4,  190,   30,  111
  235,20210921,    5,  200,   30,  112
  235,20210921,    6,  190,   30,  116
  235,20210921,    7,  200,   30,  122
  235,20210921,    8,  230,   50,  162
  235,20210921,    9,  220,   60,  171
  235,20210921,   10,  250,   60,  180
  235,20210921,   11,  250,   60,  185
  235,20210921,   12,  250,   60,  185
  235,20210921,   13,  250,   60,  185
  235,20210921,   14,  250,   70,  180
  235,20210921,   15,  260,   60,  177
  235,20210921,   16,  250,   60,  171
  235,20210921,   17,  280,   30,  165
  235,20210921,   18,  270,   30,  154
  235,20210921,   19,  280,   20,  149
  235,20210921,   20,  270,   20,  140
  235,20210921,   21,  270,   10,  131
  235,20210921,   22,  250,   20,  121
  235,20210921,   23,  230,   10,  117
  235,20210921,   24,  250,   20,  135
  235,20210922,    1,  250,   20,  136
  235,20210922,    2,  260,   30,  145
  235,20210922,    3,  250,   40,  147
  235,20210922,    4,  250,   40,  155
  235,20210922,    5,  250,   40,  157
  235,20210922,    6,  250,   40,  160
  235,20210922,    7,  250,   50,  168
  235,20210922,    8,  250,   60,  181
  235,20210922,    9,  250,   60,  188
  235,20210922,   10,  240,   70,  193
  235,20210922,   11,  250,   60,  201
  235,20210922,   12,  240,   70,  193
  235,20210922,   13,  230,   70,  191
  235,20210922,   14,  240,   70,  191
  235,20210922,   15,  230,   80,  187
  235,20210922,   16,  230,   70,  178
  235,20210922,   17,  230,   70,  174
  235,20210922,   18,  230,   60,  168
  235,20210922,   19,  220,   60,  166
  235,20210922,   20,  220,   60,  164
  235,20210922,   21,  230,   60,  168
  235,20210922,   22,  230,   60,  169
  235,20210922,   23,  240,   70,  173
  235,20210922,   24,  230,   70,  172
  235,20210923,    1,  240,   70,  170
  235,20210923,    2,  240,   80,  170
  235,20210923,    3,  250,   80,  169
  235,20210923,    4,  260,   70,  164
  235,20210923,    5,  250,   80,  161
  235,20210923,    6,  250,  100,  162
  235,20210923,    7,  250,  110,  164
  235,20210923,    8,  250,  110,  172
  235,20210923,    9,  250,  110,  172
  235,20210923,   10,  260,  100,  170
  235,20210923,   11,  260,   90,  174
  235,20210923,   12,  270,  100,  177
  235,20210923,   13,  270,  100,  178
  235,20210923,   14,  280,   90,  180
  235,20210923,   15,  280,   80,  179
  235,20210923,   16,  290,   70,  172
  235,20210923,   17,  300,   60,  168
  235,20210923,   18,  300,   60,  165
  235,20210923,   19,  310,   40,  166
  235,20210923,   20,  300,   40,  165
  235,20210923,   21,  340,   40,  158
  235,20210923,   22,  300,   20,  159
  235,20210923,   23,  300,   20,  160
  235,20210923,   24,  270,   20,  159
  235,20210924,    1,  250,   20,  160
  235,20210924,    2,  260,   30,  166
  235,20210924,    3,  270,   50,  164
  235,20210924,    4,  260,   60,  166
  235,20210924,    5,  260,   50,  165
  235,20210924,    6,  250,   50,  168
  235,20210924,    7,  240,   60,  172
  235,20210924,    8,  240,   60,  174
  235,20210924,    9,  250,   70,  178
  235,20210924,   10,  230,   80,  192
  235,20210924,   11,  230,   90,  196
  235,20210924,   12,  230,  100,  197
  235,20210924,   13,  230,  100,  197
  235,20210924,   14,  230,  100,  188
  235,20210924,   15,  230,   90,  180
  235,20210924,   16,  230,   80,  176
  235,20210924,   17,  230,   80,  176
  235,20210924,   18,  240,   70,  177
  235,20210924,   19,  240,   70,  181
  235,20210924,   20,  230,   70,  183
  235,20210924,   21,  230,   50,  184
  235,20210924,   22,  240,   60,  185
  235,20210924,   23,  240,   50,  185
  235,20210924,   24,  250,   40,  185
  235,20210925,    1,  250,   30,  185
  235,20210925,    2,  260,   20,  179
  235,20210925,    3,  220,   20,  172
  235,20210925,    4,  220,   20,  177
  235,20210925,    5,  230,   20,  175
  235,20210925,    6,  250,   20,  178
  235,20210925,    7,  230,   20,  184
  235,20210925,    8,  240,   20,  191
  235,20210925,    9,  220,   20,  196
  235,20210925,   10,  230,   20,  200
  235,20210925,   11,  240,   30,  199
  235,20210925,   12,  240,   20,  202
  235,20210925,   13,  240,   30,  201
  235,20210925,   14,  230,   40,  196
  235,20210925,   15,  240,   50,  198
  235,20210925,   16,  240,   40,  192
  235,20210925,   17,  250,   20,  184
  235,20210925,   18,  230,   10,  171
  235,20210925,   19,  110,   10,  175
  235,20210925,   20,  990,   10,  164
  235,20210925,   21,  100,   20,  158
  235,20210925,   22,  120,   30,  177
  235,20210925,   23,  130,   20,  177
  235,20210925,   24,  140,   30,  174
  235,20210926,    1,  140,   20,  161
  235,20210926,    2,  130,   30,  161
  235,20210926,    3,  100,   30,  159
  235,20210926,    4,  120,   30,  155
  235,20210926,    5,  120,   30,  149
  235,20210926,    6,  120,   20,  155
  235,20210926,    7,  150,   20,  159
  235,20210926,    8,  180,   40,  164
  235,20210926,    9,  180,   40,  175
  235,20210926,   10,  210,   30,  206
  235,20210926,   11,  230,   40,  204
  235,20210926,   12,  230,   40,  212
  235,20210926,   13,  220,   50,  220
  235,20210926,   14,  220,   50,  212
  235,20210926,   15,  210,   40,  198
  235,20210926,   16,  220,   50,  195
  235,20210926,   17,  220,   30,  189
  235,20210926,   18,  190,   20,  169
  235,20210926,   19,  170,   20,  162
  235,20210926,   20,  160,   20,  163
  235,20210926,   21,  170,   30,  156
  235,20210926,   22,  160,   20,  155
  235,20210926,   23,  160,   20,  155
  235,20210926,   24,  160,   30,  152
  235,20210927,    1,  150,   40,  158
  235,20210927,    2,  160,   30,  153
  235,20210927,    3,  170,   30,  143
  235,20210927,    4,  160,   40,  149
  235,20210927,    5,  170,   40,  143
  235,20210927,    6,  170,   40,  141
  235,20210927,    7,  170,   50,  152
  235,20210927,    8,  160,   50,  164
  235,20210927,    9,  160,   70,  181
  235,20210927,   10,  170,   80,  187
  235,20210927,   11,  180,  100,  188
  235,20210927,   12,  180,  100,  205
  235,20210927,   13,  210,  120,  192
  235,20210927,   14,  200,  110,  173
  235,20210927,   15,  280,   90,  166
  235,20210927,   16,  270,   80,  160
  235,20210927,   17,  270,   80,  152
  235,20210927,   18,  260,   60,  150
  235,20210927,   19,  250,   50,  147
  235,20210927,   20,  250,   60,  157
  235,20210927,   21,  250,   40,  148
  235,20210927,   22,  250,   60,  157
  235,20210927,   23,  250,   50,  152
  235,20210927,   24,  250,   40,  154
  235,20210928,    1,  260,   30,  151
  235,20210928,    2,  270,   40,  138
  235,20210928,    3,  990,   10,  118
  235,20210928,    4,  150,   20,  123
  235,20210928,    5,  150,   30,  114
  235,20210928,    6,  180,   30,  114
  235,20210928,    7,  180,   30,  135
  235,20210928,    8,  180,   40,  153
  235,20210928,    9,  220,   60,  170
  235,20210928,   10,  200,   70,  173
  235,20210928,   11,  210,   60,  169
  235,20210928,   12,  200,   70,  176
  235,20210928,   13,  220,   50,  171
  235,20210928,   14,  210,   50,  170
  235,20210928,   15,  220,   50,  169
  235,20210928,   16,  200,   50,  173
  235,20210928,   17,  150,   30,  161
  235,20210928,   18,  150,   30,  148
  235,20210928,   19,  140,   30,  149
  235,20210928,   20,  150,   40,  148
  235,20210928,   21,  160,   50,  145
  235,20210928,   22,  160,   50,  138
  235,20210928,   23,  160,   60,  136
  235,20210928,   24,  160,   60,  136
  235,20210929,    1,  160,   60,  134
  235,20210929,    2,  150,   60,  132
  235,20210929,    3,  160,   60,  131
  235,20210929,    4,  170,   50,  128
  235,20210929,    5,  180,   70,  129
  235,20210929,    6,  210,   60,  125
  235,20210929,    7,  180,   70,  123
  235,20210929,    8,  260,   30,  117
  235,20210929,    9,  230,   40,  126
  235,20210929,   10,  280,   70,  112
  235,20210929,   11,  290,   40,  128
  235,20210929,   12,  260,   50,  127
  235,20210929,   13,  280,   90,  120
  235,20210929,   14,  300,   90,  126
  235,20210929,   15,  290,   80,  126
  235,20210929,   16,  300,   70,  116
  235,20210929,   17,  290,   70,  134
  235,20210929,   18,  290,  100,  135
  235,20210929,   19,  290,  100,  132
  235,20210929,   20,  300,   90,  135
  235,20210929,   21,  280,  100,  137
  235,20210929,   22,  300,   80,  135
  235,20210929,   23,  290,   70,  137
  235,20210929,   24,  290,   90,  126
  235,20210930,    1,  290,   60,  128
  235,20210930,    2,  290,   80,  132
  235,20210930,    3,  280,   80,  133
  235,20210930,    4,  280,   80,  132
  235,20210930,    5,  280,   70,  128
  235,20210930,    6,  270,   80,  130
  235,20210930,    7,  260,   50,  124
  235,20210930,    8,  250,   80,  142
  235,20210930,    9,  240,   80,  142
  235,20210930,   10,  240,   90,  152
  235,20210930,   11,  240,   80,  152
  235,20210930,   12,  240,  110,  138
  235,20210930,   13,  220,   80,  138
  235,20210930,   14,  210,  100,  142
  235,20210930,   15,  200,  100,  134
  235,20210930,   16,  180,   80,  121
  235,20210930,   17,  200,  110,  130
  235,20210930,   18,  210,  110,  137
  235,20210930,   19,  200,  120,  139
  235,20210930,   20,  200,  120,  143
  235,20210930,   21,  200,  110,  144
  235,20210930,   22,  210,  120,  150
  235,20210930,   23,  210,  120,  149
  235,20210930,   24,  210,  110,  152
  235,20211001,    1,  210,  120,  151
  235,20211001,    2,  210,  110,  152
  235,20211001,    3,  210,  110,  150
  235,20211001,    4,  200,  100,  149
  235,20211001,    5,  190,   80,  139
  235,20211001,    6,  180,   80,  129
  235,20211001,    7,  180,   90,  127
  235,20211001,    8,  180,   90,  133
  235,20211001,    9,  190,   90,  134
  235,20211001,   10,  190,   90,  137
  235,20211001,   11,  190,   90,  134
  235,20211001,   12,  180,   80,  135
  235,20211001,   13,  190,   90,  138
  235,20211001,   14,  190,   80,  136
  235,20211001,   15,  190,   80,  137
  235,20211001,   16,  180,   70,  137
  235,20211001,   17,  190,   80,  138
  235,20211001,   18,  190,   70,  138
  235,20211001,   19,  190,   40,  136
  235,20211001,   20,  290,   20,  129
  235,20211001,   21,  160,   20,  128
  235,20211001,   22,  180,   20,  125
  235,20211001,   23,  290,   20,  128
  235,20211001,   24,  280,   10,  121
  235,20211002,    1,  260,   20,  120
  235,20211002,    2,  230,   10,  111
  235,20211002,    3,  180,   20,   94
  235,20211002,    4,  160,   20,   96
  235,20211002,    5,  180,   30,   98
  235,20211002,    6,  180,   30,   98
  235,20211002,    7,  170,   30,  115
  235,20211002,    8,  170,   50,  130
  235,20211002,    9,  170,   50,  128
  235,20211002,   10,  180,   70,  146
  235,20211002,   11,  180,   60,  146
  235,20211002,   12,  170,   50,  142
  235,20211002,   13,  160,   60,  140
  235,20211002,   14,  160,   60,  144
  235,20211002,   15,  160,   70,  139
  235,20211002,   16,  160,   70,  137
  235,20211002,   17,  140,   70,  139
  235,20211002,   18,  140,   70,  137
  235,20211002,   19,  150,   90,  135
  235,20211002,   20,  150,  110,  142
  235,20211002,   21,  170,  120,  149
  235,20211002,   22,  180,  120,  156
  235,20211002,   23,  170,  110,  163
  235,20211002,   24,  200,  140,  173
  235,20211003,    1,  210,  100,  167
  235,20211003,    2,  210,   70,  158
  235,20211003,    3,  230,   80,  151
  235,20211003,    4,  240,   80,  142
  235,20211003,    5,  210,   50,  139
  235,20211003,    6,  200,   40,  137
  235,20211003,    7,  190,   40,  132
  235,20211003,    8,  240,   30,  133
  235,20211003,    9,  270,   40,  133
  235,20211003,   10,  200,   10,  131
  235,20211003,   11,  220,   30,  128
  235,20211003,   12,  220,   30,  128
  235,20211003,   13,  230,   40,  131
  235,20211003,   14,  220,   60,  131
  235,20211003,   15,  210,   60,  137
  235,20211003,   16,  220,   80,  143
  235,20211003,   17,  220,   70,  145
  235,20211003,   18,  230,   90,  146
  235,20211003,   19,  220,   90,  153
  235,20211003,   20,  180,   80,  127
  235,20211003,   21,  190,   90,  130
  235,20211003,   22,  210,  110,  134
  235,20211003,   23,  210,  110,  136
  235,20211003,   24,  210,  100,  142
  235,20211004,    1,  220,   90,  144
  235,20211004,    2,  230,   80,  149
  235,20211004,    3,  220,   80,  145
  235,20211004,    4,  230,   80,  147
  235,20211004,    5,  230,   60,  149
  235,20211004,    6,  180,   60,  120
  235,20211004,    7,  180,   70,  117
  235,20211004,    8,  180,   70,  126
  235,20211004,    9,  170,   90,  134
  235,20211004,   10,  190,   80,  147
  235,20211004,   11,  200,  110,  155
  235,20211004,   12,  190,   90,  161
  235,20211004,   13,  200,  110,  161
  235,20211004,   14,  210,  110,  163
  235,20211004,   15,  210,   90,  162
  235,20211004,   16,  200,   80,  158
  235,20211004,   17,  190,   90,  143
  235,20211004,   18,  190,   60,  130
  235,20211004,   19,  180,   40,  128
  235,20211004,   20,  180,   40,  129
  235,20211004,   21,  170,   60,  132
  235,20211004,   22,  170,   60,  128
  235,20211004,   23,  170,   60,  128
  235,20211004,   24,  170,   50,  129
  235,20211005,    1,  160,   50,  125
  235,20211005,    2,  170,   60,  119
  235,20211005,    3,  160,   60,  116
  235,20211005,    4,  150,   60,  115
  235,20211005,    5,  150,   60,  113
  235,20211005,    6,  160,   60,  116
  235,20211005,    7,  160,   60,  117
  235,20211005,    8,  150,   70,  133
  235,20211005,    9,  150,   70,  143
  235,20211005,   10,  150,   80,  150
  235,20211005,   11,  150,   90,  156
  235,20211005,   12,  160,   80,  153
  235,20211005,   13,  170,   70,  138
  235,20211005,   14,  160,   70,  135
  235,20211005,   15,  180,   70,  137
  235,20211005,   16,  230,   70,  146
  235,20211005,   17,  230,   70,  136
  235,20211005,   18,  220,   60,  140
  235,20211005,   19,  220,   70,  138
  235,20211005,   20,  240,   60,  132
  235,20211005,   21,  230,   60,  131
  235,20211005,   22,  240,   90,  133
  235,20211005,   23,  240,  100,  132
  235,20211005,   24,  250,  100,  127
  235,20211006,    1,  240,   90,  129
  235,20211006,    2,  240,   70,  126
  235,20211006,    3,  240,   70,  118
  235,20211006,    4,  240,   60,  122
  235,20211006,    5,  240,   50,  123
  235,20211006,    6,  160,   30,  113
  235,20211006,    7,  170,   30,  106
  235,20211006,    8,  170,   10,  131
  235,20211006,    9,  320,   30,  138
  235,20211006,   10,  310,   50,  148
  235,20211006,   11,  330,   50,  158
  235,20211006,   12,  330,   50,  161
  235,20211006,   13,  330,   50,  159
  235,20211006,   14,  320,   50,  163
  235,20211006,   15,  320,   50,  159
  235,20211006,   16,  340,   30,  155
  235,20211006,   17,  330,   30,  147
  235,20211006,   18,  340,   20,  142
  235,20211006,   19,  350,   20,  133
  235,20211006,   20,  350,   20,  131
  235,20211006,   21,   10,   20,  130
  235,20211006,   22,  320,   20,  133
  235,20211006,   23,  340,   10,  115
  235,20211006,   24,    0,    0,  107
  235,20211007,    1,    0,    0,   98
  235,20211007,    2,  130,   10,   90
  235,20211007,    3,  130,   10,   99
  235,20211007,    4,  180,   10,   93
  235,20211007,    5,  230,   10,  108
  235,20211007,    6,  200,   10,  114
  235,20211007,    7,  150,   10,  124
  235,20211007,    8,  140,   20,  141
  235,20211007,    9,  150,   30,  160
  235,20211007,   10,  250,   20,  154
  235,20211007,   11,  280,   20,  166
  235,20211007,   12,  230,   20,  161
  235,20211007,   13,  250,   20,  169
  235,20211007,   14,   60,   20,  166
  235,20211007,   15,  260,   30,  163
  235,20211007,   16,  260,   20,  163
  235,20211007,   17,  250,   10,  145
  235,20211007,   18,  150,   10,  124
  235,20211007,   19,  130,   40,  134
  235,20211007,   20,  120,   40,  121
  235,20211007,   21,  130,   30,  111
  235,20211007,   22,  130,   30,  104
  235,20211007,   23,  140,   30,  102
  235,20211007,   24,  130,   30,  101
  235,20211008,    1,  140,   30,   96
  235,20211008,    2,  140,   20,   93
  235,20211008,    3,  140,   20,   88
  235,20211008,    4,  140,   10,   85
  235,20211008,    5,  160,   10,   82
  235,20211008,    6,  140,   10,   79
  235,20211008,    7,  120,   20,   81
  235,20211008,    8,  120,   10,   86
  235,20211008,    9,  110,   20,   92
  235,20211008,   10,  110,   20,  103
  235,20211008,   11,  110,   30,  112
  235,20211008,   12,   70,   30,  131
  235,20211008,   13,   50,   30,  133
  235,20211008,   14,   70,   30,  142
  235,20211008,   15,   70,   30,  144
  235,20211008,   16,   60,   30,  141
  235,20211008,   17,   50,   30,  132
  235,20211008,   18,   50,   30,  131
  235,20211008,   19,   50,   30,  131
  235,20211008,   20,   70,   30,  135
  235,20211008,   21,   80,   30,  134
  235,20211008,   22,   80,   40,  133
  235,20211008,   23,   90,   40,  127
  235,20211008,   24,  100,   40,  126
  235,20211009,    1,  100,   30,  121
  235,20211009,    2,   80,   30,  116
  235,20211009,    3,   70,   30,  114
  235,20211009,    4,   80,   30,  112
  235,20211009,    5,   90,   40,  107
  235,20211009,    6,   90,   40,  109
  235,20211009,    7,   90,   40,  112
  235,20211009,    8,  120,   50,  109
  235,20211009,    9,  110,   40,  115
  235,20211009,   10,  110,   30,  111
  235,20211009,   11,  110,   40,  117
  235,20211009,   12,  100,   40,  123
  235,20211009,   13,   80,   40,  129
  235,20211009,   14,   90,   30,  133
  235,20211009,   15,  120,   40,  134
  235,20211009,   16,  110,   30,  132
  235,20211009,   17,  110,   20,  120
  235,20211009,   18,   90,   20,  114
  235,20211009,   19,   90,   20,   95
  235,20211009,   20,   60,   10,   85
  235,20211009,   21,  110,   20,   80
  235,20211009,   22,    0,    0,   72
  235,20211009,   23,    0,    0,   69
  235,20211009,   24,  110,   10,   70
  235,20211010,    1,    0,    0,   61
  235,20211010,    2,    0,    0,   57
  235,20211010,    3,    0,    0,   60
  235,20211010,    4,  270,   10,   53
  235,20211010,    5,  210,   10,   66
  235,20211010,    6,    0,    0,   62
  235,20211010,    7,  220,   10,   71
  235,20211010,    8,    0,    0,   92
  235,20211010,    9,  290,   10,  140
  235,20211010,   10,  320,   30,  148
  235,20211010,   11,  310,   20,  147
  235,20211010,   12,  300,   30,  158
  235,20211010,   13,  310,   30,  161
  235,20211010,   14,  270,   30,  154
  235,20211010,   15,  270,   30,  154
  235,20211010,   16,  260,   40,  151
  235,20211010,   17,  330,   20,  145
  235,20211010,   18,  330,   50,  143
  235,20211010,   19,  330,   50,  139
  235,20211010,   20,  330,   40,  136
  235,20211010,   21,  330,   30,  132
  235,20211010,   22,  330,   40,  135
  235,20211010,   23,  320,   40,  129
  235,20211010,   24,  330,   40,  126
  235,20211011,    1,  320,   40,  131
  235,20211011,    2,  310,   40,  132
  235,20211011,    3,  310,   40,  128
  235,20211011,    4,  310,   30,  136
  235,20211011,    5,  320,   30,  137
  235,20211011,    6,  320,   30,  134
  235,20211011,    7,  330,   30,  135
  235,20211011,    8,  330,   40,  144
  235,20211011,    9,  320,   50,  147
  235,20211011,   10,  310,   50,  141
  235,20211011,   11,  310,   50,  156
  235,20211011,   12,  310,   60,  149
  235,20211011,   13,  310,   60,  140
  235,20211011,   14,  310,   60,  145
  235,20211011,   15,  310,   60,  140
  235,20211011,   16,  330,   50,  133
  235,20211011,   17,  320,   40,  127
  235,20211011,   18,  300,   40,  121
  235,20211011,   19,  330,   40,  128
  235,20211011,   20,  320,   50,  118
  235,20211011,   21,  300,   50,  129
  235,20211011,   22,  300,   50,  130
  235,20211011,   23,  290,   50,  124
  235,20211011,   24,  290,   50,  120
  235,20211012,    1,  290,   60,  131
  235,20211012,    2,  290,   70,  130
  235,20211012,    3,  290,   40,  124
  235,20211012,    4,  300,   50,  131
  235,20211012,    5,  300,   50,  125
  235,20211012,    6,  340,   40,  125
  235,20211012,    7,  330,   40,  125
  235,20211012,    8,  350,   30,  122
  235,20211012,    9,   20,   40,  127
  235,20211012,   10,   10,   40,  133
  235,20211012,   11,  360,   50,  135
  235,20211012,   12,  360,   50,  141
  235,20211012,   13,  350,   50,  135
  235,20211012,   14,  360,   50,  132
  235,20211012,   15,  350,   50,  131
  235,20211012,   16,  350,   40,  126
  235,20211012,   17,  320,   30,  113
  235,20211012,   18,  350,   40,  116
  235,20211012,   19,  340,   40,  116
  235,20211012,   20,   20,   50,  109
  235,20211012,   21,  350,   30,  113
  235,20211012,   22,  340,   30,  117
  235,20211012,   23,  350,   30,  110
  235,20211012,   24,  340,   20,  117
  235,20211013,    1,  340,   20,  119
  235,20211013,    2,  330,   20,  112
  235,20211013,    3,  350,   20,  112
  235,20211013,    4,  350,   10,  107
  235,20211013,    5,  330,   20,  113
  235,20211013,    6,  280,   20,  107
  235,20211013,    7,  310,   30,  116
  235,20211013,    8,  300,   40,  120
  235,20211013,    9,  320,   40,  131
  235,20211013,   10,  300,   40,  122
  235,20211013,   11,  310,   60,  135
  235,20211013,   12,  290,   60,  136
  235,20211013,   13,  280,   50,  132
  235,20211013,   14,  270,   60,  130
  235,20211013,   15,  270,   60,  130
  235,20211013,   16,  250,   50,  130
  235,20211013,   17,  250,   60,  125
  235,20211013,   18,  250,   60,  126
  235,20211013,   19,  250,   50,  135
  235,20211013,   20,  290,   30,  139
  235,20211013,   21,  300,   40,  141
  235,20211013,   22,  280,   30,  140
  235,20211013,   23,  280,   30,  142
  235,20211013,   24,  290,   30,  139
  235,20211014,    1,  280,   20,  134
  235,20211014,    2,  290,   30,  139
  235,20211014,    3,  280,   60,  138
  235,20211014,    4,  270,   60,  139
  235,20211014,    5,  280,   70,  136
  235,20211014,    6,  280,   60,  138
  235,20211014,    7,  270,   80,  138
  235,20211014,    8,  290,   70,  135
  235,20211014,    9,  280,   70,  140
  235,20211014,   10,  270,   80,  144
  235,20211014,   11,  280,   70,  143
  235,20211014,   12,  250,   80,  146
  235,20211014,   13,  250,   80,  142
  235,20211014,   14,  260,   80,  139
  235,20211014,   15,  260,   80,  143
  235,20211014,   16,  250,   70,  146
  235,20211014,   17,  240,   80,  147
  235,20211014,   18,  260,   70,  144
  235,20211014,   19,  270,   80,  145
  235,20211014,   20,  240,   80,  144
  235,20211014,   21,  240,   90,  148
  235,20211014,   22,  250,  100,  153
  235,20211014,   23,  250,   90,  155
  235,20211014,   24,  260,  100,  153
  235,20211015,    1,  260,  100,  152
  235,20211015,    2,  260,   90,  147
  235,20211015,    3,  260,   90,  148
  235,20211015,    4,  260,  100,  133
  235,20211015,    5,  330,   60,  108
  235,20211015,    6,  330,   70,  114
  235,20211015,    7,  330,   60,  119
  235,20211015,    8,  340,   40,  129
  235,20211015,    9,  340,   50,  134
  235,20211015,   10,  340,   60,  135
  235,20211015,   11,  330,   60,  137
  235,20211015,   12,  350,   50,  127
  235,20211015,   13,  320,   50,  134
  235,20211015,   14,  340,   50,  133
  235,20211015,   15,  330,   40,  128
  235,20211015,   16,  330,   40,  122
  235,20211015,   17,  330,   20,  109
  235,20211015,   18,  350,   20,  114
  235,20211015,   19,  320,   20,  109
  235,20211015,   20,  310,   20,   92
  235,20211015,   21,  300,   10,   78
  235,20211015,   22,  300,   20,   94
  235,20211015,   23,  350,   10,   87
  235,20211015,   24,  300,   10,   93
  235,20211016,    1,  330,   10,  103
  235,20211016,    2,  290,   20,  110
  235,20211016,    3,  280,   40,  109
  235,20211016,    4,  270,   10,   91
  235,20211016,    5,  270,   20,  107
  235,20211016,    6,  230,   30,  110
  235,20211016,    7,  220,   20,  112
  235,20211016,    8,  200,   10,  113
  235,20211016,    9,  170,   20,  117
  235,20211016,   10,  250,   30,  124
  235,20211016,   11,  250,   50,  129
  235,20211016,   12,  240,   50,  142
  235,20211016,   13,  220,   50,  138
  235,20211016,   14,  220,   60,  132
  235,20211016,   15,  220,   60,  134
  235,20211016,   16,  220,   50,  128
  235,20211016,   17,  250,   80,  138
  235,20211016,   18,  280,   70,  138
  235,20211016,   19,  280,   40,  134
  235,20211016,   20,  290,   30,  134
  235,20211016,   21,  300,   20,  127
  235,20211016,   22,  260,   50,  132
  235,20211016,   23,  250,   50,  132
  235,20211016,   24,  240,   60,  135
  235,20211017,    1,  230,   60,  135
  235,20211017,    2,  240,   70,  136
  235,20211017,    3,  230,   60,  137
  235,20211017,    4,  230,   50,  136
  235,20211017,    5,  220,   50,  136
  235,20211017,    6,  210,   50,  129
  235,20211017,    7,  210,   50,  132
  235,20211017,    8,  210,   60,  133
  235,20211017,    9,  210,   70,  137
  235,20211017,   10,  210,   70,  138
  235,20211017,   11,  210,   80,  138
  235,20211017,   12,  210,   80,  143
  235,20211017,   13,  220,   70,  144
  235,20211017,   14,  210,   80,  144
  235,20211017,   15,  210,   70,  142
  235,20211017,   16,  210,   70,  137
  235,20211017,   17,  200,   50,  132
  235,20211017,   18,  190,   50,  126
  235,20211017,   19,  200,   50,  123
  235,20211017,   20,  190,   50,  121
  235,20211017,   21,  190,   50,  119
  235,20211017,   22,  200,   50,  121
  235,20211017,   23,  200,   40,  125
  235,20211017,   24,  220,   50,  137
  235,20211018,    1,  190,   50,  123
  235,20211018,    2,  190,   40,  116
  235,20211018,    3,  190,   50,  113
  235,20211018,    4,  190,   40,  103
  235,20211018,    5,  180,   40,   97
  235,20211018,    6,  190,   40,   96
  235,20211018,    7,  180,   40,   97
  235,20211018,    8,  190,   40,  105
  235,20211018,    9,  180,   50,  118
  235,20211018,   10,  180,   50,  119
  235,20211018,   11,  170,   50,  126
  235,20211018,   12,  180,   50,  132
  235,20211018,   13,  180,   50,  136
  235,20211018,   14,  180,   50,  139
  235,20211018,   15,  170,   50,  137
  235,20211018,   16,  160,   40,  130
  235,20211018,   17,  170,   40,  123
  235,20211018,   18,  160,   40,  124
  235,20211018,   19,  170,   40,  126
  235,20211018,   20,  180,   50,  128
  235,20211018,   21,  190,   50,  131
  235,20211018,   22,  190,   50,  134
  235,20211018,   23,  190,   40,  138
  235,20211018,   24,  190,   50,  140
