# Opmerking: door stationsverplaatsingen en veranderingen in waarneemmethodieken zijn deze tijdreeksen van uurwaarden mogelijk inhomogeen! Dat betekent dat deze reeks van gemeten waarden niet geschikt is voor trendanalyse. Voor studies naar klimaatverandering verwijzen we naar de gehomogeniseerde dagreeksen <http://www.knmi.nl/nederland-nu/klimatologie/daggegevens> of de Centraal Nederland Temperatuur <http://www.knmi.nl/kennis-en-datacentrum/achtergrond/centraal-nederland-temperatuur-cnt>.
# 
# SOURCE: ROYAL NETHERLANDS METEOROLOGICAL INSTITUTE (KNMI)
# Comment: These time series are inhomogeneous because of station relocations and changes in observation techniques. As a result these series are not suitable for trend analysis. For climate change studies we refer to the homogenized series of daily data <http://www.knmi.nl/nederland-nu/klimatologie/daggegevens> or the Central Netherlands Temperature <http://www.knmi.nl/kennis-en-datacentrum/achtergrond/centraal-nederland-temperatuur-cnt>.
# 
# STN         LON(east)   LAT(north)  ALT(m)      NAME
# 235         4.781       52.928      1.20        De Kooy     
# DDVEC     : Vectorgemiddelde windrichting in graden (360=noord; 90=oost; 180=zuid; 270=west; 0=windstil/variabel). Zie http://www.knmi.nl/kennis-en-datacentrum/achtergrond/klimatologische-brochures-en-boeken / Vector mean wind direction in degrees (360=north; 90=east; 180=south; 270=west; 0=calm/variable)
# FHVEC     : Vectorgemiddelde windsnelheid (in 0.1 m/s). Zie http://www.knmi.nl/kennis-en-datacentrum/achtergrond/klimatologische-brochures-en-boeken / Vector mean windspeed (in 0.1 m/s)
# FHX       : Hoogste uurgemiddelde windsnelheid (in 0.1 m/s) / Maximum hourly mean windspeed (in 0.1 m/s)
# FHXH      : Uurvak waarin FHX is gemeten / Hourly division in which FHX was measured
# TG        : Etmaalgemiddelde temperatuur (in 0.1 graden Celsius) / Daily mean temperature in (0.1 degrees Celsius)
# STN,YYYYMMDD,DDVEC,FHVEC,  FHX, FHXH,   TG
  235,20190101,  310,   67,   90,    2,   80
  235,20190102,  350,   49,   70,    1,   60
  235,20190103,  344,   28,   40,   12,   50
  235,20190104,  314,   49,   60,    9,   63
  235,20190105,  319,   63,   80,    3,   78
  235,20190106,  309,   26,   50,    1,   64
  235,20190107,  254,   66,  120,   20,   82
  235,20190108,  315,  105,  130,    7,   76
  235,20190109,    2,   57,   70,    2,   56
  235,20190110,  286,   16,   50,   22,   50
  235,20190111,  318,   49,   70,   14,   76
  235,20190112,  276,   73,  100,   10,   79
  235,20190113,  288,   92,  120,   13,   86
  235,20190114,  321,   53,   70,    1,   57
  235,20190115,  253,   79,   90,    9,   75
  235,20190116,  229,   90,  120,   12,   71
  235,20190117,  300,   57,   90,    1,   46
  235,20190118,  192,   26,   50,   12,   14
  235,20190119,  140,   37,   50,   15,   -2
  235,20190120,   97,   18,   30,    1,   -9
  235,20190121,  213,   23,   60,   23,    7
  235,20190122,  174,   65,   80,    9,   -5
  235,20190123,  116,   19,   50,    1,   -7
  235,20190124,  124,   28,   40,    9,  -16
  235,20190125,  222,   34,   80,   15,   19
  235,20190126,  229,   78,  120,   22,   74
  235,20190127,  256,   67,  130,   19,   59
  235,20190128,  332,   64,   90,    6,   47
  235,20190129,  205,   42,   80,   12,   27
  235,20190130,  146,   20,   40,    1,    9
  235,20190131,  157,   23,   60,   12,   10
  235,20190201,   84,   54,   90,    5,    8
  235,20190202,   28,   27,   50,    5,   25
  235,20190203,  279,   23,   60,   22,   35
  235,20190204,  205,   85,  130,   16,   36
  235,20190205,  200,   43,   80,   24,   42
  235,20190206,  203,   62,   90,    3,   56
  235,20190207,  220,  101,  150,   15,   73
  235,20190208,  204,  130,  170,   22,   79
  235,20190209,  222,  113,  140,    9,   76
  235,20190210,  300,   23,   90,    1,   59
  235,20190211,  309,   54,   70,    1,   60
  235,20190212,  237,   55,   80,   13,   65
  235,20190213,  221,   67,   80,   11,   68
  235,20190214,  209,   33,   50,    1,   53
  235,20190215,  172,   31,   50,   11,   64
  235,20190216,  211,   52,   70,   10,   65
  235,20190217,  182,   41,   70,   21,   79
  235,20190218,  214,   45,   60,   10,   74
  235,20190219,  241,   64,   80,   12,   70
  235,20190220,  219,   70,  100,   12,   73
  235,20190221,  240,   51,   70,    4,   78
  235,20190222,  102,   12,   40,   22,   81
  235,20190223,  124,   36,   50,    7,   70
  235,20190224,   95,   10,   30,    8,   59
  235,20190225,   82,   10,   30,   15,   71
  235,20190226,   88,   11,   30,   12,   75
  235,20190227,  226,   23,   50,   12,   76
  235,20190228,  228,   34,   70,   14,   65
  235,20190301,  331,   26,   60,    5,   56
  235,20190302,  206,   62,  110,   23,   74
  235,20190303,  217,  105,  150,   21,   94
  235,20190304,  246,  106,  140,   13,   75
  235,20190305,  237,   74,  110,    1,   68
  235,20190306,  176,   70,   90,   10,   89
  235,20190307,  230,   95,  140,   18,   84
  235,20190308,  255,   67,  120,    1,   72
  235,20190309,  260,  100,  150,   14,   77
  235,20190310,  277,   41,  140,   21,   52
  235,20190311,  287,   94,  140,   13,   57
  235,20190312,  211,   99,  160,   13,   63
  235,20190313,  261,  113,  140,    4,   77
  235,20190314,  264,   90,  150,   12,   77
  235,20190315,  258,   88,  130,   11,   85
  235,20190316,  224,  105,  150,   18,   85
  235,20190317,  266,   93,  140,    1,   67
  235,20190318,  296,   60,   80,    2,   61
  235,20190319,  215,   30,   50,   13,   58
  235,20190320,  227,   56,   70,   20,   87
  235,20190321,  219,   44,   70,    9,   86
  235,20190322,  219,   30,   60,   20,   76
  235,20190323,  337,   26,   50,   11,   78
  235,20190324,  267,   41,  110,   24,   70
  235,20190325,  325,   76,  100,    1,   76
  235,20190326,  298,   43,   60,   10,   74
  235,20190327,  275,   32,   50,   11,   84
  235,20190328,    3,   10,   30,    1,   90
  235,20190329,  241,   13,   40,    9,   81
  235,20190330,  306,   15,   50,   14,   91
  235,20190331,   48,   66,   90,   17,   74
  235,20190401,   92,   55,   80,    4,   76
  235,20190402,  187,   39,   80,   12,   92
  235,20190403,  150,   31,   50,   11,   68
  235,20190404,  138,   31,   50,   15,   64
  235,20190405,   59,   27,   50,   15,   75
  235,20190406,   59,   40,   50,    4,   92
  235,20190407,   42,   39,   50,    1,  119
  235,20190408,   46,   55,   90,   22,  108
  235,20190409,   60,  102,  120,   19,   83
  235,20190410,   55,   91,  100,    5,   59
  235,20190411,   57,   63,   80,   19,   64
  235,20190412,   69,   54,   80,   24,   60
  235,20190413,   54,   62,   90,   14,   44
  235,20190414,   69,   59,   80,   18,   59
  235,20190415,   88,   60,   70,   11,  101
  235,20190416,   72,   61,   90,   11,  101
  235,20190417,   86,   35,   60,   13,  122
  235,20190418,   73,   53,   70,   13,  137
  235,20190419,   55,   47,   60,    1,  135
  235,20190420,   47,   42,   60,   16,  139
  235,20190421,   53,   37,   50,    1,  130
  235,20190422,   90,   52,   80,   23,  166
  235,20190423,   97,   67,   90,    8,  156
  235,20190424,  168,   44,   90,   13,  167
  235,20190425,  162,   49,   80,   13,  125
  235,20190426,  216,   46,   70,   13,  110
  235,20190427,  219,   77,  100,   10,   98
  235,20190428,  132,   11,   50,    1,   94
  235,20190429,    5,   29,   40,   13,   97
  235,20190430,  352,   29,   40,    1,   96
  235,20190501,  274,   26,   50,   24,   86
  235,20190502,  300,   39,   80,   15,   98
  235,20190503,  310,   48,   70,   13,   79
  235,20190504,  343,   53,   80,    9,   70
  235,20190505,  329,   50,   70,   12,   79
  235,20190506,  291,   41,   60,    5,   86
  235,20190507,  204,   25,   60,   15,   82
  235,20190508,  155,   41,   80,   13,  100
  235,20190509,  231,   47,   80,    9,  110
  235,20190510,  323,   24,   50,    5,   96
  235,20190511,   32,   44,   60,    6,   95
  235,20190512,  351,   37,   50,    8,   96
  235,20190513,   38,   31,   50,   13,   96
  235,20190514,   46,   46,   70,   16,  108
  235,20190515,   60,   50,   80,   20,  122
  235,20190516,   52,   72,  100,   18,  126
  235,20190517,   76,   50,   70,    1,  127
  235,20190518,  344,   18,   50,   15,  131
  235,20190519,    2,   43,   60,   18,  123
  235,20190520,  331,   45,   60,   16,  120
  235,20190521,  318,   62,   70,    4,  114
  235,20190522,  263,   31,   60,   12,  116
  235,20190523,  226,   36,   70,    8,  129
  235,20190524,  301,   29,   60,   12,  123
  235,20190525,  314,   17,   40,    9,  126
  235,20190526,  230,   66,  100,   12,  140
  235,20190527,  256,   53,   90,   15,  129
  235,20190528,   29,   35,   50,    6,  112
  235,20190529,  220,   37,   90,   24,  130
  235,20190530,  222,   82,  100,   10,  149
  235,20190531,  229,   58,   80,   12,  153
  235,20190601,  227,   19,   50,    3,  169
  235,20190602,  202,   48,   90,   15,  217
  235,20190603,  229,   47,   70,   13,  146
  235,20190604,   96,   16,   80,   17,  160
  235,20190605,  243,   31,   80,   24,  149
  235,20190606,  243,   43,   90,    5,  137
  235,20190607,  125,   48,   90,   13,  159
  235,20190608,  214,  103,  140,    8,  131
  235,20190609,  249,   19,   70,   10,  147
  235,20190610,   46,   72,  100,   13,  160
  235,20190611,  236,   38,   80,   13,  139
  235,20190612,   11,   11,   60,   10,  128
  235,20190613,  189,   63,  110,   11,  137
  235,20190614,  192,   22,   70,   11,  152
  235,20190615,  289,   23,   60,    6,  148
  235,20190616,  217,   57,   80,   12,  159
  235,20190617,  214,   28,   60,   12,  177
  235,20190618,  359,    7,   60,   22,  179
  235,20190619,  216,   18,   70,   12,  177
  235,20190620,  258,   30,   50,   15,  154
  235,20190621,  267,   28,   60,   11,  150
  235,20190622,   53,   47,   70,   15,  160
  235,20190623,   70,   44,   70,    1,  209
  235,20190624,  120,   32,   70,   14,  247
  235,20190625,   41,   11,   40,    8,  244
  235,20190626,    3,   47,   60,   11,  164
  235,20190627,   14,   44,   50,   11,  150
  235,20190628,   47,   46,   60,   15,  161
  235,20190629,  105,   35,   50,    1,  226
  235,20190630,  254,   44,   80,    6,  186
  235,20190701,  267,   68,  100,   14,  172
  235,20190702,  311,   37,   60,   15,  159
  235,20190703,  340,   35,   60,   14,  152
  235,20190704,  262,   38,   60,   13,  158
  235,20190705,  277,   40,   60,    1,  167
  235,20190706,  295,   39,   60,    5,  160
  235,20190707,  324,   45,   60,   13,  149
  235,20190708,  326,   50,   70,   11,  141
  235,20190709,  309,   26,   40,    7,  148
  235,20190710,  196,   32,   60,   13,  150
  235,20190711,  227,   27,   60,    6,  170
  235,20190712,  300,   22,   60,   11,  164
  235,20190713,  335,   36,   60,   15,  162
  235,20190714,  349,   37,   50,   11,  149
  235,20190715,  326,   33,   50,   10,  147
  235,20190716,  296,   22,   40,   11,  147
  235,20190717,  121,    4,   40,   13,  175
  235,20190718,  215,   37,   70,   10,  178
  235,20190719,  210,   27,   60,   13,  178
  235,20190720,  210,   53,   90,   13,  188
  235,20190721,  253,   49,   70,    7,  176
  235,20190722,  222,   59,   90,    8,  188
  235,20190723,   92,    7,   50,   21,  220
  235,20190724,  147,   14,   70,   14,  241
  235,20190725,   67,   31,   50,   10,  252
  235,20190726,   83,   28,   70,   10,  273
  235,20190727,   87,   32,   70,    1,  240
  235,20190728,  222,   12,   70,    1,  206
  235,20190729,  234,   31,   60,    9,  196
  235,20190730,  177,   14,   70,   15,  214
  235,20190731,  208,   65,  100,   16,  183
  235,20190801,  238,   62,   80,   12,  186
  235,20190802,    3,   28,   70,   11,  188
  235,20190803,  326,   29,   50,   12,  179
  235,20190804,  112,   13,   40,   21,  188
  235,20190805,  224,   44,   90,   12,  196
  235,20190806,  229,   57,   80,   13,  193
  235,20190807,  236,   74,   90,   11,  191
  235,20190808,  251,   52,   90,   11,  183
  235,20190809,  157,   43,   70,    9,  194
  235,20190810,  220,  130,  160,   12,  196
  235,20190811,  225,   98,  110,    1,  188
  235,20190812,  262,   46,   80,    1,  170
  235,20190813,  262,   40,   70,   11,  149
  235,20190814,  194,   55,   90,   12,  155
  235,20190815,  264,   68,  100,   10,  177
  235,20190816,  212,   45,   90,   13,  175
  235,20190817,  221,   72,  100,    2,  186
  235,20190818,  225,   62,   90,   14,  180
  235,20190819,  236,   68,  100,   12,  174
  235,20190820,  258,   43,   80,   12,  164
  235,20190821,  213,   25,   50,   12,  162
  235,20190822,  217,   41,   70,   11,  170
  235,20190823,  121,    7,   60,   22,  192
  235,20190824,   68,   28,   40,    1,  205
  235,20190825,   53,   24,   30,    2,  214
  235,20190826,   51,   28,   40,   15,  225
  235,20190827,   63,   25,   40,    1,  242
  235,20190828,  235,   29,   70,   10,  206
  235,20190829,  243,   38,   60,    7,  180
  235,20190830,  206,   43,   80,   15,  171
  235,20190831,  225,   20,   60,   13,  200
  235,20190901,  287,   49,   70,   15,  166
  235,20190902,  251,   55,   90,   24,  171
  235,20190903,  247,   61,   90,    1,  175
  235,20190904,  239,   57,   90,    9,  165
  235,20190905,  299,   68,  110,    1,  146
  235,20190906,  244,   67,  100,    9,  153
  235,20190907,  332,   33,   70,   15,  148
  235,20190908,  337,   15,   40,    1,  137
  235,20190909,  226,   21,   50,   11,  138
  235,20190910,  226,   25,   40,    9,  147
  235,20190911,  231,   59,  110,   11,  160
  235,20190912,  237,   56,   80,   13,  178
  235,20190913,  329,   32,   70,    2,  166
  235,20190914,  209,   15,   30,    9,  138
  235,20190915,  269,   46,   80,    6,  167
  235,20190916,  303,   19,   40,   17,  138
  235,20190917,  319,   54,   80,   13,  144
  235,20190918,  340,   32,   50,   10,  139
  235,20190919,   60,   10,   30,   13,  131
  235,20190920,  131,   18,   40,   21,  137
  235,20190921,   99,   43,   60,   12,  160
  235,20190922,  141,   27,   70,   21,  183
  235,20190923,  201,   40,   80,   13,  162
  235,20190924,  162,   56,   80,   15,  154
  235,20190925,  177,   49,   80,   11,  157
  235,20190926,  207,   63,  100,   17,  167
  235,20190927,  221,   78,  110,   14,  161
  235,20190928,  242,   92,  120,   12,  162
  235,20190929,  225,   68,  120,   13,  155
  235,20190930,  278,   49,   90,    1,  147
  235,20191001,  330,   18,   90,    7,  141
  235,20191002,  320,   52,   80,   15,  118
  235,20191003,  288,   20,   60,   12,  120
  235,20191004,   95,   44,   80,    8,  100
  235,20191005,   99,   33,   60,    1,  110
  235,20191006,  100,   77,  100,   11,   99
  235,20191007,  142,   44,   80,    1,   98
  235,20191008,  251,   75,  110,   22,  146
  235,20191009,  242,   58,   90,    1,  128
  235,20191010,  247,   84,  110,   10,  138
  235,20191011,  219,  106,  130,   12,  149
  235,20191012,  232,   36,   70,    2,  125
  235,20191013,  205,   43,  100,   17,  149
  235,20191014,  116,   19,   80,   15,  135
  235,20191015,  206,   53,   80,    9,  146
  235,20191016,  188,   49,   80,   12,  133
  235,20191017,  195,   34,   80,   13,  127
  235,20191018,  202,   79,  130,   14,  124
  235,20191019,  193,   66,   90,   13,  118
  235,20191020,   85,    7,   50,    1,  116
  235,20191021,   82,   19,   90,    7,  121
  235,20191022,  236,   14,   40,   12,  113
  235,20191023,  105,   25,   50,   13,  110
  235,20191024,  210,   53,  110,   19,  142
  235,20191025,  215,   83,  150,   23,  141
  235,20191026,  219,  107,  140,    1,  148
  235,20191027,  286,   67,   80,    5,  109
  235,20191028,  326,   26,   40,    1,   97
  235,20191029,   66,   34,   60,   18,   89
  235,20191030,   91,   43,   60,   19,   71
  235,20191031,  102,   40,   50,    7,   55
  235,20191101,  160,   44,   70,   23,   72
  235,20191102,  199,   92,  140,   21,  124
  235,20191103,  173,   39,   90,    1,   98
  235,20191104,  165,   33,   60,   11,   96
  235,20191105,   81,    2,   50,   20,   98
  235,20191106,    8,   13,   50,    1,   80
  235,20191107,  143,   40,   80,   22,   77
  235,20191108,  175,   48,   70,    1,   63
  235,20191109,  198,   24,   80,   19,   79
  235,20191110,  197,   37,   60,   12,   63
  235,20191111,  199,   56,  100,   14,   62
  235,20191112,  200,   73,  100,   10,   61
  235,20191113,  261,   39,   90,    1,   76
  235,20191114,  113,   47,   70,   24,   58
  235,20191115,   72,   68,  110,    8,   50
  235,20191116,  196,   46,   70,   21,   62
  235,20191117,  152,   17,   60,    4,   55
  235,20191118,  335,   37,   80,   19,   77
  235,20191119,  297,   21,   70,    1,   60
  235,20191120,  130,   26,   60,   23,   26
  235,20191121,  107,   52,   60,    5,   26
  235,20191122,  132,   44,   50,    1,   59
  235,20191123,   90,   60,   70,    4,   58
  235,20191124,  125,   25,   50,    2,   64
  235,20191125,  141,   36,   50,   20,   65
  235,20191126,  170,   54,   60,   11,   94
  235,20191127,  166,   51,   80,   15,   98
  235,20191128,  281,   50,  100,    2,   94
  235,20191129,  332,   42,   60,    4,   68
  235,20191130,  261,    6,   30,    4,   35
  235,20191201,  349,    6,   20,   17,   22
  235,20191202,  312,   43,   50,    8,   81
  235,20191203,  239,   44,   70,   14,   80
  235,20191204,  208,   34,   60,   12,   55
  235,20191205,  215,   67,  130,   21,   64
  235,20191206,  222,   97,  130,    1,   91
  235,20191207,  254,   69,  110,   24,   96
  235,20191208,  231,  115,  150,    4,   93
  235,20191209,  297,   46,  110,    1,   75
  235,20191210,  199,   76,  150,   24,   62
  235,20191211,  221,   41,  130,    1,   66
  235,20191212,  181,   59,  110,   24,   52
  235,20191213,  198,   41,  120,    1,   53
  235,20191214,  255,  101,  130,    9,   69
  235,20191215,  231,   97,  150,    7,   77
  235,20191216,  189,   55,   90,   10,   69
  235,20191217,  213,   22,   90,   14,   82
  235,20191218,  187,   38,   70,    1,   68
  235,20191219,  157,   60,   70,    2,  100
  235,20191220,  184,   73,  120,   15,   97
  235,20191221,  172,   60,   80,   12,   70
  235,20191222,  209,   25,   80,   22,   77
  235,20191223,  259,   68,   80,   12,   84
  235,20191224,  240,   38,   90,   14,   78
  235,20191225,  308,   32,   50,    8,   74
  235,20191226,  132,   31,   60,   20,   57
  235,20191227,   88,   52,   70,    2,   41
  235,20191228,  157,   28,   40,   19,   10
  235,20191229,  191,   45,   70,   24,   26
  235,20191230,  229,   67,   90,   13,   75
  235,20191231,  319,    8,   40,    1,   41
  235,20200101,  179,   35,   60,   22,   20
  235,20200102,  197,   71,  110,   22,   48
  235,20200103,  254,   49,  120,    1,   77
  235,20200104,  289,   59,   90,    2,   73
  235,20200105,  234,   47,   70,   11,   76
  235,20200106,  211,   62,   90,   11,   67
  235,20200107,  214,   76,  140,   23,   77
  235,20200108,  232,   55,  130,    1,   90
  235,20200109,  210,   82,  140,    9,  102
  235,20200110,  288,   30,   80,    1,   65
  235,20200111,  212,  102,  130,   16,   73
  235,20200112,  226,   85,  120,    5,   77
  235,20200113,  187,   72,  120,   21,   73
  235,20200114,  206,  129,  190,   20,  100
  235,20200115,  218,  105,  160,    1,   94
  235,20200116,  177,   61,   90,   24,   79
  235,20200117,  216,   68,  120,   20,   82
  235,20200118,  281,   56,   90,    1,   62
  235,20200119,  343,   37,   60,    2,   61
  235,20200120,  239,   27,   50,   13,   56
  235,20200121,  240,   41,   60,    6,   58
  235,20200122,  294,   18,   40,    3,   73
  235,20200123,  161,   19,   30,   12,   61
  235,20200124,  198,   46,   60,   14,   45
  235,20200125,  184,   54,   60,    1,   37
  235,20200126,  185,   56,   80,   18,   50
  235,20200127,  204,   75,  110,    2,   78
  235,20200128,  257,   95,  130,   13,   58
  235,20200129,  263,   96,  120,    8,   67
  235,20200130,  226,   91,  120,   17,   83
  235,20200131,  227,   89,  120,   19,   88
  235,20200201,  233,   97,  110,    1,   93
  235,20200202,  243,   45,   90,    1,   79
  235,20200203,  254,   75,  100,    1,   84
  235,20200204,  298,   56,  110,    4,   60
  235,20200205,  277,   23,   50,   15,   51
  235,20200206,  263,   27,   50,    2,   61
  235,20200207,  143,   42,   70,   12,   45
  235,20200208,  198,   60,   90,   12,   64
  235,20200209,  209,  162,  220,   12,   87
  235,20200210,  260,  126,  170,    9,   70
  235,20200211,  266,  160,  170,    2,   58
  235,20200212,  265,  120,  160,    1,   58
  235,20200213,  191,   43,  100,   11,   55
  235,20200214,  220,   46,  110,   22,   73
  235,20200215,  201,  132,  200,   22,  105
  235,20200216,  215,  134,  200,    5,   99
  235,20200217,  231,  109,  150,    1,   79
  235,20200218,  242,  104,  120,    4,   72
  235,20200219,  259,   76,  110,   11,   65
  235,20200220,  233,   98,  160,   14,   76
  235,20200221,  239,  103,  130,    1,   74
  235,20200222,  234,  111,  150,    4,   89
  235,20200223,  268,   75,  150,   12,   73
  235,20200224,  223,   72,  130,   15,   70
  235,20200225,  259,   91,  120,    1,   61
  235,20200226,  295,   50,   70,    9,   44
  235,20200227,  266,   27,   80,   20,   37
  235,20200228,  211,   69,  130,   23,   55
  235,20200229,  213,  110,  140,   21,   84
  235,20200301,  216,  101,  140,    1,   66
  235,20200302,  201,   23,   70,    4,   51
  235,20200303,  243,   44,   80,   11,   56
  235,20200304,  253,   27,   70,   12,   58
  235,20200305,   66,   57,   90,   19,   59
  235,20200306,    4,   46,   80,    1,   64
  235,20200307,  223,   58,  110,   22,   71
  235,20200308,  211,  107,  140,    8,   87
  235,20200309,  235,   65,  120,   24,   76
  235,20200310,  230,  102,  150,    2,   93
  235,20200311,  229,   74,  110,   19,   93
  235,20200312,  249,  120,  160,    6,   78
  235,20200313,  280,   54,  130,    1,   65
  235,20200314,  166,   56,   90,   14,   73
  235,20200315,  205,   95,  120,   12,   97
  235,20200316,  257,   26,   40,    1,   72
  235,20200317,  219,   80,  110,   14,   84
  235,20200318,  227,   65,   90,    1,   92
  235,20200319,   40,   38,   60,   20,   75
  235,20200320,   43,   66,   90,   22,   69
  235,20200321,   80,   92,  110,    5,   52
  235,20200322,   99,   78,  100,   10,   45
  235,20200323,  126,   63,   80,    9,   47
  235,20200324,  147,   44,   70,    9,   55
  235,20200325,   92,   31,   60,   22,   57
  235,20200326,   68,   54,   70,   11,   64
  235,20200327,   43,   76,   90,   13,   71
  235,20200328,   18,   77,   90,    9,   70
  235,20200329,   22,   89,  120,    9,   47
  235,20200330,  353,   38,   70,   14,   59
  235,20200331,   63,   29,   60,    1,   39
  235,20200401,  267,   35,   70,   12,   59
  235,20200402,  250,   56,  100,   13,   77
  235,20200403,  277,   26,   60,   14,   56
  235,20200404,  204,   31,   80,   10,   87
  235,20200405,  139,   55,   90,   12,  126
  235,20200406,  214,   46,  100,   13,  115
  235,20200407,   69,   29,   70,   20,  101
  235,20200408,   49,   22,   40,   15,  119
  235,20200409,   53,   34,   70,   20,  100
  235,20200410,   81,   45,   70,    1,   95
  235,20200411,  121,   24,   40,    1,  117
  235,20200412,  291,   14,   70,   22,  120
  235,20200413,   12,   69,   80,    2,   69
  235,20200414,  326,   31,   50,    1,   61
  235,20200415,  256,   27,   50,    7,   74
  235,20200416,   55,   52,   80,   16,  101
  235,20200417,   50,   68,   80,    1,   83
  235,20200418,   47,   66,   80,   17,  103
  235,20200419,   56,   91,  110,    9,  107
  235,20200420,   72,   88,  100,    5,  114
  235,20200421,   73,   89,  120,   13,  126
  235,20200422,   64,   71,   80,    1,  129
  235,20200423,   56,   37,   60,    1,  133
  235,20200424,  359,   39,   50,   13,  102
  235,20200425,  344,   28,   50,   13,   82
  235,20200426,  253,   11,   40,   14,   77
  235,20200427,  259,   24,   70,   12,  102
  235,20200428,   52,   53,   70,   10,   85
  235,20200429,  177,   12,   80,   23,   98
  235,20200430,  210,   69,  110,   10,  109
  235,20200501,  241,   68,   90,    2,  100
  235,20200502,  281,   57,   90,    9,   98
  235,20200503,   13,   19,   60,   22,  109
  235,20200504,   42,   52,   60,    5,  100
  235,20200505,   37,   52,   70,   14,   90
  235,20200506,   45,   30,   50,    1,   96
  235,20200507,  246,    1,   30,   12,  102
  235,20200508,  256,   16,   50,   10,  134
  235,20200509,   43,   35,   50,   12,  154
  235,20200510,   28,   68,  110,   14,  113
  235,20200511,   15,   75,  100,    8,   78
  235,20200512,  278,   50,   80,   12,   88
  235,20200513,    5,   45,   70,   11,   79
  235,20200514,   13,   35,   50,   16,   76
  235,20200515,  282,   31,   60,   13,   90
  235,20200516,  268,   44,   70,    9,  110
  235,20200517,  241,   45,   70,   11,  121
  235,20200518,  246,   44,   80,   12,  130
  235,20200519,  274,   25,   40,    9,  139
  235,20200520,   66,   10,   40,   16,  165
  235,20200521,  137,   20,   50,   13,  192
  235,20200522,  213,   62,  100,   10,  164
  235,20200523,  240,   81,  120,   13,  140
  235,20200524,  273,   74,   90,    2,  132
  235,20200525,  313,   30,   50,    1,  140
  235,20200526,  277,   14,   50,   12,  147
  235,20200527,   27,   46,   90,   22,  139
  235,20200528,   48,   50,   70,    1,  137
  235,20200529,   55,   58,   90,   20,  138
  235,20200530,   54,   59,   80,   15,  163
  235,20200531,   61,   66,  110,   17,  170
  235,20200601,   58,   53,   90,   19,  167
  235,20200602,   29,   31,   60,   14,  185
  235,20200603,  355,   49,   70,   21,  159
  235,20200604,  331,   46,   60,    1,  121
  235,20200605,  261,   49,   90,    8,  104
  235,20200606,  227,   90,  110,    9,  114
  235,20200607,  263,   61,   90,    1,  124
  235,20200608,    2,   35,   60,   15,  129
  235,20200609,   23,   24,   40,   13,  118
  235,20200610,   66,   37,   70,   22,  137
  235,20200611,   55,   62,   80,   13,  154
  235,20200612,   57,   29,   70,   23,  183
  235,20200613,   38,   19,   50,    3,  186
  235,20200614,  310,   18,   50,   14,  166
  235,20200615,  262,   28,   50,   10,  164
  235,20200616,   49,   17,   40,   22,  172
  235,20200617,   42,   43,   70,   21,  174
  235,20200618,  216,   14,   60,   10,  168
  235,20200619,  241,   34,   70,   18,  167
  235,20200620,  244,   33,   60,   13,  162
  235,20200621,  211,   48,   80,   12,  173
  235,20200622,  258,   26,   50,   14,  163
  235,20200623,  229,   14,   60,   10,  182
  235,20200624,   68,   47,   70,   19,  220
  235,20200625,   86,   43,   70,   19,  234
  235,20200626,  138,   39,   60,   10,  247
  235,20200627,  211,   61,  120,   20,  187
  235,20200628,  224,  111,  120,    7,  167
  235,20200629,  231,  101,  110,   11,  159
  235,20200630,  246,   78,  100,    1,  155
  235,20200701,  236,   61,   90,   11,  171
  235,20200702,  253,   46,   80,   12,  164
  235,20200703,  228,   74,  120,   15,  163
  235,20200704,  225,  101,  120,    8,  165
  235,20200705,  239,   95,  130,    5,  175
  235,20200706,  281,   79,  120,    2,  145
  235,20200707,  250,   40,   70,    8,  143
  235,20200708,   72,   34,   50,   18,  144
  235,20200709,   46,    5,   90,   24,  152
  235,20200710,  347,   36,   70,    1,  141
  235,20200711,  290,   30,   60,   13,  147
  235,20200712,  291,   18,   40,   12,  149
  235,20200713,  229,   33,   60,   14,  168
  235,20200714,  289,   31,   50,   13,  158
  235,20200715,  279,   29,   50,   14,  158
  235,20200716,  311,   27,   50,   11,  164
  235,20200717,  248,   25,   50,   13,  177
  235,20200718,  220,   31,   70,   10,  182
  235,20200719,  289,   20,   70,   11,  164
  235,20200720,  310,   35,   50,    9,  158
  235,20200721,  298,   40,   60,   11,  158
  235,20200722,  302,   14,   40,   11,  153
  235,20200723,  215,   56,   90,   14,  179
  235,20200724,  264,   36,   60,   12,  175
  235,20200725,  217,   68,   90,   13,  180
  235,20200726,  238,   64,   90,   13,  178
  235,20200727,  195,   59,  100,   22,  180
  235,20200728,  266,   82,  100,   12,  168
  235,20200729,  271,   56,   80,    1,  152
  235,20200730,  183,   11,   60,   11,  176
  235,20200731,  111,   43,   70,   11,  233
  235,20200801,  244,   35,   60,    7,  193
  235,20200802,  268,   34,   70,   11,  171
  235,20200803,  317,   10,   50,   16,  160
  235,20200804,  230,   23,   50,   15,  171
  235,20200805,  216,   63,  100,    9,  200
  235,20200806,  230,   10,   60,   10,  205
  235,20200807,   69,   28,   40,    1,  247
  235,20200808,   41,   21,   40,   20,  241
  235,20200809,   40,   54,   80,   19,  231
  235,20200810,   54,   43,   60,    1,  241
  235,20200811,   80,   39,   60,    8,  263
  235,20200812,   55,   29,   50,   10,  260
  235,20200813,   59,   33,   50,   10,  253
  235,20200814,   57,   23,   70,    4,  228
  235,20200815,   54,   11,   50,   19,  225
  235,20200816,   61,   23,   70,   19,  221
  235,20200817,  206,   12,   50,   15,  180
  235,20200818,  224,   38,   80,   13,  184
  235,20200819,  168,   40,   90,   24,  209
  235,20200820,  175,   38,   80,    8,  228
  235,20200821,  221,   80,  120,   13,  222
  235,20200822,  232,   99,  110,    9,  198
  235,20200823,  262,   69,   90,    1,  177
  235,20200824,  269,   50,   90,   11,  166
  235,20200825,  196,   72,  150,   23,  166
  235,20200826,  270,  114,  170,    3,  167
  235,20200827,  129,   22,   70,   22,  163
  235,20200828,  211,   46,  100,    6,  165
  235,20200829,  270,   37,   90,   12,  161
  235,20200830,  360,   59,   90,   10,  163
  235,20200831,  342,   22,   40,   12,  150
  235,20200901,  291,    8,   30,    9,  136
  235,20200902,  111,    4,   30,   11,  149
  235,20200903,  215,   54,   90,   12,  162
  235,20200904,  263,   41,   70,   15,  170
  235,20200905,  277,   54,   80,   10,  150
  235,20200906,  289,   33,   60,   10,  141
  235,20200907,  227,   45,   80,   14,  162
  235,20200908,  240,   57,   80,    1,  180
  235,20200909,  265,   42,   70,    1,  172
  235,20200910,  358,    7,   40,   23,  155
  235,20200911,  230,   41,   70,   13,  156
  235,20200912,  254,   49,   90,   10,  157
  235,20200913,  220,   62,  100,   12,  173
  235,20200914,   84,   14,   40,   18,  184
  235,20200915,   45,   23,   50,   24,  203
  235,20200916,   16,   52,   70,   14,  174
  235,20200917,   65,   70,   90,   18,  154
  235,20200918,   75,   68,   80,   12,  149
  235,20200919,   63,   66,   90,   17,  152
  235,20200920,   50,   60,   70,    2,  155
  235,20200921,   48,   23,   50,    1,  148
  235,20200922,  216,   20,   40,   13,  141
  235,20200923,  200,   63,  120,   13,  169
  235,20200924,  208,   62,  110,    2,  138
  235,20200925,  150,   59,  110,   13,  116
  235,20200926,  360,   41,   90,   23,  138
  235,20200927,   26,   43,   90,    1,  152
  235,20200928,    4,   14,   40,    4,  165
  235,20200929,  282,   15,   40,    1,  154
  235,20200930,  166,   45,   70,   11,  154
  235,20201001,  160,   43,   80,   14,  136
  235,20201002,   83,   66,  100,   22,  135
  235,20201003,  115,   43,  100,    2,  131
  235,20201004,  165,   69,  120,   13,  119
  235,20201005,  170,   67,   90,    5,  118
  235,20201006,  244,   54,   90,    1,  133
  235,20201007,  276,   67,   90,   11,  136
  235,20201008,  242,   48,  120,    9,  136
  235,20201009,  260,   39,   80,   15,  113
  235,20201010,  277,   51,   90,    3,   99
  235,20201011,  319,   46,   60,    3,  117
  235,20201012,  252,   21,   60,   12,  117
  235,20201013,  120,   41,   60,    2,  108
  235,20201014,   51,   63,   90,   11,  111
  235,20201015,   51,   48,   70,    1,  105
  235,20201016,   61,   14,   40,    6,   98
  235,20201017,  156,   13,   40,   14,  101
  235,20201018,  313,   19,   50,    8,  102
  235,20201019,  167,   33,   50,    9,   95
  235,20201020,  182,   55,   80,   15,  117
  235,20201021,  201,   64,  140,   18,  143
  235,20201022,  222,   75,  100,   12,  140
  235,20201023,  217,   46,   80,   13,  126
  235,20201024,  201,   79,  140,   24,  138
  235,20201025,  198,   76,  150,    2,  114
  235,20201026,  193,   70,  110,   13,  101
  235,20201027,  205,   70,  100,   13,  108
  235,20201028,  224,   76,  110,   23,  109
  235,20201029,  245,   77,  100,    2,  117
  235,20201030,  229,   80,  100,    1,  143
  235,20201031,  200,   64,  110,   20,  134
  235,20201101,  204,   94,  150,   22,  136
  235,20201102,  225,  120,  160,    8,  148
  235,20201103,  241,   77,  120,    1,   99
  235,20201104,  281,   41,   80,    1,   94
  235,20201105,  260,   31,   60,   11,   93
  235,20201106,  129,   21,   40,   17,   91
  235,20201107,  112,   20,   30,    1,   78
  235,20201108,  109,   25,   40,    4,   97
  235,20201109,  121,   27,   40,   13,  118
  235,20201110,  123,   20,   40,    6,  102
  235,20201111,  170,   39,   60,   23,  114
  235,20201112,  215,   47,   70,    2,  107
  235,20201113,  191,   43,   80,   15,   91
  235,20201114,  177,   55,   90,   22,  113
  235,20201115,  193,   94,  120,   14,  125
  235,20201116,  247,   87,  120,    1,  113
  235,20201117,  224,   85,  110,    3,  128
  235,20201118,  209,   81,  120,   19,  128
  235,20201119,  287,   70,  130,    4,   90
  235,20201120,  241,   40,   90,   21,   79
  235,20201121,  236,   93,  110,    9,  110
  235,20201122,  273,   60,   90,    1,   98
  235,20201123,  245,   46,   60,    1,   92
  235,20201124,  191,   55,   70,    3,   83
  235,20201125,  194,   51,   70,   22,   74
  235,20201126,  310,   12,   40,    1,   78
  235,20201127,  115,   17,   40,   22,   52
  235,20201128,   97,   48,   60,    8,   52
  235,20201129,  111,   26,   60,    1,   14
  235,20201130,  242,   42,   90,   17,   59
  235,20201201,  360,   54,   80,    4,   88
  235,20201202,  160,   26,   50,   19,   61
  235,20201203,  165,   51,   80,   20,   58
  235,20201204,  152,   73,  110,   10,   55
  235,20201205,  145,   27,   50,   18,   26
  235,20201206,   48,   22,   40,    9,   42
  235,20201207,  254,   29,   80,   12,   61
  235,20201208,  141,   18,   30,    1,   32
  235,20201209,  156,   40,   70,   20,   18
  235,20201210,  131,   43,   60,    9,   19
  235,20201211,  128,   56,   70,   10,   24
  235,20201212,  105,   20,   50,    2,   43
  235,20201213,  170,   44,   80,   22,   59
  235,20201214,  185,   75,  110,   11,   93
  235,20201215,  195,   44,   70,    7,   84
  235,20201216,  160,   51,   70,   24,   70
  235,20201217,  210,   69,   80,    2,   88
  235,20201218,  184,   72,  100,    9,   82
  235,20201219,  179,   74,  100,   15,   82
  235,20201220,  201,   75,   90,   12,   84
  235,20201221,  187,   66,  110,   20,   78
  235,20201222,  253,   34,  100,    3,   88
  235,20201223,   65,   44,  100,   22,   74
  235,20201224,   19,   46,  110,    2,   57
  235,20201225,  340,   31,   50,    3,   50
  235,20201226,  220,   94,  160,   23,   71
  235,20201227,  193,  100,  190,    9,   55
  235,20201228,  136,   31,   60,    9,   35
  235,20201229,  256,    9,   50,   15,   42
  235,20201230,  256,   33,   70,   18,   47
  235,20201231,  246,   12,   40,    2,   26
  235,20210101,  252,   12,   30,    3,   44
  235,20210102,   13,    4,   40,   21,   32
  235,20210103,   58,   61,  120,   24,   35
  235,20210104,   56,  110,  130,    3,   32
  235,20210105,   60,   92,  100,    1,   32
  235,20210106,   34,   27,   90,    1,   24
  235,20210107,  336,   34,   70,   15,   32
  235,20210108,  353,   11,   20,    7,   23
  235,20210109,  317,   29,   50,   14,   40
  235,20210110,  248,   55,   70,   13,   49
  235,20210111,  240,   92,  110,   16,   67
  235,20210112,  308,   52,   90,    1,   58
  235,20210113,  300,   57,   90,    4,   50
  235,20210114,   76,   46,   80,   18,   22
  235,20210115,   89,    3,   50,    1,   18
  235,20210116,  183,   54,   90,   11,   11
  235,20210117,  291,   30,   50,    1,   52
  235,20210118,  249,   65,   80,    9,   60
  235,20210119,  220,  101,  140,   23,   76
  235,20210120,  200,  119,  140,    3,   86
  235,20210121,  209,  114,  160,   13,   67
  235,20210122,  248,   66,  100,   10,   52
  235,20210123,  234,   30,   80,   10,   31
  235,20210124,  245,    8,   40,    2,   19
  235,20210125,  277,   45,  110,   21,   23
  235,20210126,  268,   33,   90,    1,   50
  235,20210127,  242,   42,   90,    1,   52
  235,20210128,  104,   39,   80,   13,   39
  235,20210129,  279,   21,  100,    9,   52
  235,20210130,   78,   67,   80,    7,    4
  235,20210131,   92,   44,   60,   18,   -2
  235,20210201,   67,   29,   70,    3,   -4
  235,20210202,  102,   38,   60,   10,   10
  235,20210203,  231,   44,   80,    3,   73
  235,20210204,   76,   16,   60,    2,   40
  235,20210205,  101,   48,   60,    1,   42
  235,20210206,   80,   95,  140,   24,   14
  235,20210207,   63,  156,  170,    7,  -33
  235,20210208,   69,  116,  150,    2,  -28
  235,20210209,   75,   62,   90,    1,  -16
  235,20210210,   66,   34,   50,    2,  -23
  235,20210211,  120,    9,   30,   21,  -29
  235,20210212,   88,   68,   90,   18,  -36
  235,20210213,  113,   51,   60,   10,  -41
  235,20210214,  150,   64,   80,   16,   -9
  235,20210215,  194,   58,   80,    2,   28
  235,20210216,  201,   67,  100,   13,   62
  235,20210217,  211,   84,  110,   13,   77
  235,20210218,  183,   60,   90,   10,   76
  235,20210219,  194,   66,  100,   13,   72
  235,20210220,  166,   65,   80,   10,  113
  235,20210221,  167,   36,   80,    1,  104
  235,20210222,  201,   48,   90,   11,   99
  235,20210223,  208,   65,  120,   24,  110
  235,20210224,  204,   85,  120,    1,  131
  235,20210225,  237,   45,   80,    1,   90
  235,20210226,  302,   35,   50,   10,   56
  235,20210227,  273,   13,   40,   15,   41
  235,20210228,   55,   22,   40,   18,   23
  235,20210301,   77,   50,   70,   22,   42
  235,20210302,   71,   38,   60,    4,   42
  235,20210303,  294,   25,   40,   10,   30
  235,20210304,   13,   36,   80,   21,   41
  235,20210305,   29,   33,   60,    1,   34
  235,20210306,  314,   18,   40,   13,   23
  235,20210307,  293,   36,   60,   12,   40
  235,20210308,  241,   37,   60,   17,   53
  235,20210309,  324,   20,   60,    1,   51
  235,20210310,  194,   91,  170,   24,   53
  235,20210311,  227,  119,  170,    1,   80
  235,20210312,  231,   85,  120,   14,   64
  235,20210313,  245,  107,  150,   15,   66
  235,20210314,  280,   64,   80,    1,   65
  235,20210315,  314,   66,   90,   14,   66
  235,20210316,  313,   33,   60,   11,   56
  235,20210317,  354,   41,   50,    6,   54
  235,20210318,    6,   31,   80,   23,   53
  235,20210319,   34,   47,   60,    1,   52
  235,20210320,  273,   32,   60,   11,   46
  235,20210321,  340,   52,   70,    9,   65
  235,20210322,  293,   18,   50,   13,   54
  235,20210323,  215,   40,   80,   13,   53
  235,20210324,  221,   50,   80,   11,   69
  235,20210325,  212,   51,   80,   13,   69
  235,20210326,  209,   84,  130,   12,   96
  235,20210327,  253,   81,  110,    5,   67
  235,20210328,  218,  103,  130,   13,   82
  235,20210329,  223,   89,  110,    1,   93
  235,20210330,  231,   20,   50,   12,  112
  235,20210331,  250,    9,   40,   13,  125
  235,20210401,   19,   52,   70,    6,   74
  235,20210402,  353,   52,   70,   15,   63
  235,20210403,  360,   50,   60,    1,   66
  235,20210404,  253,   48,  100,   21,   65
  235,20210405,  315,   91,  120,   19,   39
  235,20210406,  316,   79,   90,    1,   32
  235,20210407,  309,   81,  120,    3,   45
  235,20210408,  235,   75,  110,   13,   63
  235,20210409,  251,   45,   90,    1,   66
  235,20210410,   46,   67,  100,   19,   47
  235,20210411,  343,   49,   70,    1,   46
  235,20210412,  286,   48,   80,   12,   44
  235,20210413,  294,   36,   60,    8,   55
  235,20210414,    2,   26,   50,   14,   47
  235,20210415,   37,   42,   60,   22,   62
  235,20210416,   22,   44,   70,   15,   70
  235,20210417,   13,   37,   60,   11,   70
  235,20210418,   23,   25,   50,   15,   87
  235,20210419,   37,   30,   50,   13,  101
  235,20210420,   33,   20,   40,   14,  106
  235,20210421,   11,   47,   70,    9,   77
  235,20210422,  339,   37,   50,    9,   68
  235,20210423,  344,   22,   30,    8,   72
  235,20210424,   27,   42,   60,   12,   79
  235,20210425,   20,   44,   60,   10,   67
  235,20210426,   44,   43,   70,   20,   70
  235,20210427,   77,   48,   90,   21,   93
  235,20210428,   43,   67,   90,   13,   98
  235,20210429,  341,   49,   90,    1,   79
  235,20210430,  317,   21,   30,    1,   82
  235,20210501,  313,   32,   50,   14,   75
  235,20210502,  303,   45,   70,   14,   76
  235,20210503,  219,   66,  120,   24,   93
  235,20210504,  248,  119,  150,    3,   84
  235,20210505,  284,   89,  120,   13,   75
  235,20210506,  278,   28,   50,    9,   67
  235,20210507,  271,   38,   70,   11,   71
  235,20210508,  178,   60,  110,   20,   97
  235,20210509,  188,   33,   80,   14,  158
  235,20210510,  212,   49,  100,   12,  133
  235,20210511,   31,   18,   50,   10,  123
  235,20210512,  242,   34,   80,    8,  112
  235,20210513,   47,   44,   70,   16,  116
  235,20210514,  333,   23,   30,    1,   93
  235,20210515,   65,   12,   40,   16,   97
  235,20210516,  232,   36,   60,    9,  107
  235,20210517,  291,   24,   60,   13,  105
  235,20210518,  259,   31,   60,   13,  104
  235,20210519,  276,   24,   40,    7,  109
  235,20210520,  212,   41,   80,   23,  117
  235,20210521,  216,  130,  150,   11,  114
  235,20210522,  253,   87,  130,    1,  101
  235,20210523,  213,   46,  100,   14,  110
  235,20210524,  199,   39,   80,    9,  109
  235,20210525,  265,   47,   90,   11,  104
  235,20210526,  276,   62,  100,   12,  105
  235,20210527,  319,   51,   70,    2,  106
  235,20210528,   16,   15,   40,   21,  115
  235,20210529,   25,   29,   50,   14,  111
  235,20210530,   50,   46,   60,   15,  120
  235,20210531,   56,   41,   60,   18,  135
  235,20210601,   68,   50,   80,   18,  180
  235,20210602,   50,   46,   60,    1,  175
  235,20210603,  227,   39,   70,   12,  168
  235,20210604,    3,   17,   50,   14,  163
  235,20210605,  326,   39,   60,   14,  135
  235,20210606,  350,   31,   50,   10,  150
  235,20210607,    9,   23,   40,   12,  159
  235,20210608,   70,   23,   40,   15,  180
  235,20210609,  245,   22,   50,   12,  167
  235,20210610,  238,   31,   50,    7,  163
  235,20210611,  227,   51,   70,   11,  150
  235,20210612,  303,   43,   70,   12,  147
  235,20210613,  261,   24,   40,   11,  153
  235,20210614,  255,   21,   80,   10,  175
  235,20210615,   49,   27,   40,   10,  164
  235,20210616,   91,   35,   60,   14,  214
  235,20210617,  231,   13,   80,    9,  213
  235,20210618,   73,   32,  100,   14,  193
  235,20210619,  246,   11,   90,    8,  159
  235,20210620,   10,   40,   60,    1,  153
  235,20210621,   23,   58,   80,    7,  137
  235,20210622,   13,   43,   60,   13,  141
  235,20210623,    9,   30,   40,    6,  134
  235,20210624,    4,   12,   30,    5,  139
  235,20210625,  205,   42,   70,   11,  154
  235,20210626,   44,   32,   70,   24,  176
  235,20210627,   48,   67,   80,   11,  183
  235,20210628,   45,   47,   70,    1,  180
  235,20210629,   11,   41,   50,    2,  152
  235,20210630,  334,   33,   40,    1,  140
  235,20210701,  276,   44,   70,   13,  157
  235,20210702,  267,   21,   40,   11,  157
  235,20210703,  119,   20,   50,   10,  180
  235,20210704,  236,   24,   50,   11,  173
  235,20210705,  216,   42,   70,    9,  170
  235,20210706,  205,   88,  160,   14,  177
  235,20210707,  214,   60,   90,   11,  168
  235,20210708,  231,   33,   60,    9,  163
  235,20210709,  263,   21,   40,    9,  157
  235,20210710,   56,   16,   60,   23,  174
  235,20210711,   67,   17,   60,   17,  183
  235,20210712,   38,   31,   60,   17,  188
  235,20210713,  353,   40,   50,   11,  178
  235,20210714,  341,   51,   70,   23,  180
  235,20210715,  360,   62,   70,    3,  177
  235,20210716,  356,   44,   50,    2,  173
  235,20210717,  339,   31,   50,   14,  189
  235,20210718,  330,   23,   60,   12,  187
  235,20210719,   31,   28,   50,   12,  173
  235,20210720,   39,   23,   40,   12,  179
  235,20210721,  320,    9,   40,   12,  187
  235,20210722,   14,   31,   40,   10,  176
  235,20210723,   31,   27,   50,   22,  177
  235,20210724,   67,   42,   80,    6,  198
  235,20210725,  265,   21,   50,    4,  196
  235,20210726,  281,   11,   50,   23,  187
  235,20210727,  213,   43,   70,   14,  180
  235,20210728,  218,   79,  120,   23,  174
  235,20210729,  238,   95,  110,    7,  173
  235,20210730,  204,   56,  120,   24,  174
  235,20210731,  264,   76,  110,    1,  171
  235,20210801,  307,   33,   50,   11,  164
  235,20210802,  311,   33,   50,    7,  155
  235,20210803,   49,   25,   40,   11,  155
  235,20210804,   74,   37,   60,   17,  178
  235,20210805,  104,   19,   50,   24,  186
  235,20210806,  206,   68,  110,   15,  179
  235,20210807,  202,   48,   80,    1,  169
  235,20210808,  228,   90,  120,   12,  172
  235,20210809,  222,   67,   90,   15,  168
  235,20210810,  247,   45,   60,    1,  169
  235,20210811,  217,   35,   70,   11,  174
  235,20210812,  218,   38,   70,   10,  173
  235,20210813,  234,   59,   90,   12,  177
  235,20210814,  243,   59,   80,   10,  187
  235,20210815,  230,   47,   90,   13,  186
  235,20210816,  291,   79,  110,   17,  161
  235,20210817,  278,   51,   80,    3,  158
  235,20210818,  267,   58,   70,   10,  172
  235,20210819,  263,   44,   60,    1,  168
  235,20210820,  253,   21,   50,    1,  176
  235,20210821,  128,   16,   40,   22,  191
  235,20210822,  360,   34,   80,   22,  176
  235,20210823,   29,   57,   70,    1,  183
  235,20210824,   32,   44,   50,    1,  173
  235,20210825,  332,   37,   60,   16,  164
  235,20210826,  356,   41,   60,   16,  164
  235,20210827,  356,   46,   70,   16,  166
  235,20210828,   15,   55,   80,    9,  171
  235,20210829,  360,   46,   60,    8,  167
  235,20210830,    9,   43,   60,   12,  173
  235,20210831,  360,   35,   50,    8,  163
  235,20210901,  357,   24,   30,    1,  164
  235,20210902,   29,   17,   30,    2,  157
  235,20210903,   49,   41,   60,   19,  157
  235,20210904,   67,   55,   80,   19,  161
  235,20210905,   70,   33,   50,   10,  170
  235,20210906,   79,   14,   30,   11,  175
  235,20210907,  133,   10,   40,   17,  198
  235,20210908,   94,   31,   50,   15,  207
  235,20210909,  178,   20,   70,   14,  191
  235,20210910,  210,   33,   60,   14,  185
  235,20210911,  237,   49,   60,    8,  183
  235,20210912,  293,   31,   50,   10,  170
  235,20210913,   61,   26,   50,   22,  161
  235,20210914,   86,   38,   50,    5,  177
  235,20210915,  275,   37,   70,   24,  172
  235,20210916,  286,   40,   60,    1,  163
  235,20210917,  236,   14,   50,   12,  158
  235,20210918,  104,   22,   40,   15,  165
  235,20210919,  104,   44,   60,   14,  161
  235,20210920,   81,   30,   50,   12,  145
  235,20210921,  242,   31,   60,   10,  144
  235,20210922,  238,   55,   70,   10,  172
  235,20210923,  267,   68,  110,    9,  168
  235,20210924,  238,   64,  100,   13,  179
  235,20210925,  225,   18,   50,   15,  184
  235,20210926,  185,   25,   50,   12,  174
  235,20210927,  213,   45,  110,   14,  161
  235,20210928,  189,   41,   70,   10,  149
  235,20210929,  269,   45,  100,   18,  128
  235,20210930,  228,   78,  120,   20,  138
  235,20211001,  194,   69,  120,    1,  136
  235,20211002,  169,   58,  120,   22,  132
  235,20211003,  214,   64,  120,    1,  139
  235,20211004,  197,   74,  110,   13,  141
  235,20211005,  187,   55,  100,   24,  133
  235,20211006,  288,   24,   90,    1,  135
  235,20211007,  167,   10,   40,   20,  130
  235,20211008,   89,   22,   40,   21,  114
  235,20211009,   98,   28,   50,    8,  108
  235,20211010,  313,   19,   50,   19,  118
  235,20211011,  312,   46,   60,   11,  134
  235,20211012,  336,   39,   60,    2,  124
  235,20211013,  286,   33,   60,   14,  127
  235,20211014,  262,   71,   90,   14,  143
  235,20211015,  308,   38,  100,    1,  120
  235,20211016,  248,   34,   70,   16,  124
  235,20211017,  212,   60,   80,   12,  133
  235,20211018,  181,   46,   50,    1,  122
  235,20211019,  210,   85,  110,   14,  161
  235,20211020,  218,   92,  120,   11,  156
  235,20211021,  303,   74,  110,    8,  107
  235,20211022,  288,   83,  140,    8,  106
  235,20211023,  187,   24,   60,   14,  103
  235,20211024,  170,   44,   60,    1,   92
  235,20211025,  201,   54,   80,   14,  118
  235,20211026,  227,   60,   90,   21,  135
  235,20211027,  217,   82,  100,   12,  144
  235,20211028,  176,   58,   70,   10,  122
  235,20211029,  176,   73,  100,   14,  125
  235,20211030,  180,   47,   80,   12,  121
  235,20211031,  179,   54,   90,   22,  114
  235,20211101,  196,   91,  140,   12,  104
  235,20211102,  190,   29,   50,    3,   78
  235,20211103,  166,    3,   30,   10,   68
  235,20211104,  358,   21,   40,    8,   89
  235,20211105,  288,   39,   70,   18,  108
  235,20211106,  245,   89,  130,   20,  123
  235,20211107,  290,   77,  120,    1,  108
  235,20211108,  283,   24,   50,    3,   95
  235,20211109,  194,   62,   80,   11,   96
  235,20211110,  209,   49,   60,    7,  112
  235,20211111,  214,   34,   50,    2,  119
  235,20211112,  178,   58,  100,   22,   93
  235,20211113,  312,   15,   50,    1,  114
  235,20211114,   73,   40,   60,    4,   98
  235,20211115,   76,   31,   40,    3,   69
  235,20211116,  174,   25,   50,   23,   55
  235,20211117,  275,   51,   70,   17,  108
  235,20211118,  252,   69,   90,   11,  119
  235,20211119,  269,   59,   80,   12,  122
  235,20211120,  258,   65,   80,   13,  110
  235,20211121,  355,   42,   60,   20,   89
  235,20211122,   14,   20,   50,    2,   79
  235,20211123,  329,   22,   40,    1,   93
  235,20211124,  189,   35,   60,   14,   76
  235,20211125,  311,   34,   60,   15,   78
  235,20211126,  233,   40,  110,   14,   58
  235,20211127,   25,   19,   50,   17,   54
  235,20211128,  357,   32,   50,    8,   49
  235,20211129,  306,   34,  110,   23,   57
  235,20211130,  274,   56,  120,    1,   92
  235,20211201,  275,   83,  150,    8,   84
  235,20211202,  330,   33,   90,    4,   36
  235,20211203,  233,   70,  130,   13,   65
  235,20211204,  208,   33,   60,   17,   58
  235,20211205,   94,   30,   70,   18,   43
  235,20211206,  156,   42,   90,   22,   30
  235,20211207,  184,   35,   90,   18,   55
  235,20211208,  178,   75,   90,    8,   51
  235,20211209,  176,   56,   70,   12,   44
  235,20211210,  130,   29,   70,    3,   32
  235,20211211,  215,   27,   60,   22,   54
  235,20211212,  220,   63,  100,    4,   97
  235,20211213,  214,   68,   70,    1,   97
  235,20211214,  230,   53,   70,    3,   98
  235,20211215,  245,   51,   70,   12,   97
  235,20211216,  267,   14,   40,   12,   84
  235,20211217,   22,   10,   20,    7,   83
  235,20211218,  329,   19,   40,   20,   68
  235,20211219,  339,   36,   50,    3,   74
  235,20211220,   65,    9,   40,    7,   42
  235,20211221,  175,   19,   30,   12,   -3
  235,20211222,  161,   31,   50,   21,   -9
  235,20211223,  218,   52,   80,   15,   45
  235,20211224,  306,   16,   90,    4,   69
  235,20211225,   88,   82,   90,    3,  -16
  235,20211226,  106,   58,   70,    1,  -14
  235,20211227,  133,   42,   60,   22,   35
  235,20211228,  210,   28,   90,   13,   82
  235,20211229,  234,   40,   80,   18,   90
  235,20211230,  225,   90,  110,   12,  107
  235,20211231,  228,   89,  110,    1,  104
  235,20220101,  209,   86,  110,   13,  114
  235,20220102,  229,   83,  110,   11,   99
  235,20220103,  236,   88,  110,    5,   92
  235,20220104,  290,   46,   90,   24,   64
  235,20220105,  300,   86,  120,    5,   62
  235,20220106,  210,   36,  120,   23,   44
  235,20220107,  248,   70,  110,    1,   55
  235,20220108,  208,   52,  110,   14,   51
  235,20220109,  285,   57,   90,    3,   58
  235,20220110,  173,   22,   30,   14,   26
  235,20220111,  200,   44,   70,   14,   36
  235,20220112,  260,   20,   50,   14,   48
  235,20220113,  250,   44,   60,   12,   70
  235,20220114,  287,   25,   40,    1,   68
  235,20220115,  168,   32,   50,   13,   35
  235,20220116,  275,   54,   70,    4,   70
  235,20220117,  300,   53,   80,    4,   74
  235,20220118,  217,   31,   60,   13,   43
  235,20220119,  267,   51,   90,   10,   63
  235,20220120,  335,   65,   80,    1,   45
  235,20220121,  314,   47,   60,   10,   59
  235,20220122,  303,   34,   40,    1,   68
  235,20220123,  213,   19,   30,    1,   64
  235,20220124,  186,   19,   30,    1,   49
  235,20220125,  190,   29,   40,   13,   35
  235,20220126,  246,   59,  110,   23,   55
  235,20220127,  275,   78,  110,    3,   76
  235,20220128,  259,   46,   90,   23,   70
  235,20220129,  258,   92,  130,   14,   88
  235,20220130,  283,   48,  100,   24,   64
  235,20220131,  309,  101,  150,    8,   61
  235,20220201,  277,   85,  110,   11,   76
  235,20220202,  272,   45,   80,    1,   78
  235,20220203,  226,   66,   90,    8,   75
  235,20220204,  252,   75,  120,    9,   64
  235,20220205,  248,   96,  130,   20,   67
  235,20220206,  264,  102,  130,    1,   69
  235,20220207,  275,   70,  110,    3,   65
  235,20220208,  233,   85,  100,    9,   88
  235,20220209,  233,   58,   90,    9,   80
  235,20220210,  268,   54,  100,   23,   63
  235,20220211,  308,   47,  110,    4,   41
  235,20220212,  194,   72,  110,   13,   34
  235,20220213,  191,   87,  110,   20,   65
  235,20220214,  218,   96,  150,    6,   85
  235,20220215,  227,   74,  150,   16,   70
  235,20220216,  227,  110,  160,   20,   94
  235,20220217,  271,  126,  180,    4,   78
  235,20220218,  234,  120,  210,   17,   75
  235,20220219,  256,   95,  190,    1,   53
  235,20220220,  233,  104,  170,   19,   74
  235,20220221,  280,  114,  170,    3,   64
  235,20220222,  256,   69,  120,   16,   71
  235,20220223,  229,   80,  110,   14,   75
  235,20220224,  240,   85,  140,   11,   59
  235,20220225,  286,   71,  120,    1,   59
  235,20220226,  165,   21,   40,   10,   40
  235,20220227,  136,   50,   80,   12,   48
  235,20220228,  164,   49,   70,   10,   48
  235,20220301,   97,   14,   40,   19,   45
  235,20220302,   69,   46,   60,    8,   56
  235,20220303,   95,   48,   60,   13,   53
  235,20220304,  108,   47,   60,   15,   39
  235,20220305,   65,   51,   90,   19,   28
  235,20220306,   51,   53,   90,    1,   44
  235,20220307,   80,   28,   60,   19,   36
  235,20220308,  129,   51,   80,   10,   51
  235,20220309,  149,   44,   60,   12,   67
  235,20220310,  131,   36,   60,   13,   81
  235,20220311,  125,   66,   80,    9,   89
  235,20220312,  166,   42,   90,   11,   97
  235,20220313,  149,   46,   70,   12,  114
  235,20220314,  226,   39,   70,   12,   78
  235,20220315,  114,   17,   30,    5,   78
  235,20220316,  129,   47,   70,   10,   95
  235,20220317,  253,   49,   80,    3,   72
  235,20220318,   44,   28,   70,   21,   77
  235,20220319,   71,   72,  100,   16,   80
  235,20220320,  104,   55,   90,    1,   54
  235,20220321,  137,   14,   40,    1,   73
  235,20220322,   53,   29,   40,   13,   90
  235,20220323,   45,   27,   30,    1,   98
  235,20220324,   40,   26,   40,   16,   89
  235,20220325,   27,   27,   40,   11,   80
  235,20220326,   30,   29,   50,   14,   85
  235,20220327,   41,   46,   60,   15,   81
  235,20220328,   51,   30,   50,    1,   67
  235,20220329,   56,   39,   50,    9,   77
  235,20220330,   42,   51,   80,   18,   54
  235,20220331,   45,  101,  170,   20,   24
  235,20220401,   47,   99,  130,    2,   42
  235,20220402,   31,   51,   80,    1,   41
  235,20220403,  283,   34,   80,   24,   43
  235,20220404,  254,   84,  150,    7,   75
  235,20220405,  257,   57,   90,   13,   88
  235,20220406,  225,  110,  130,   16,   94
  235,20220407,  255,  106,  150,   12,   80
  235,20220408,  293,   69,  100,    5,   68
  235,20220409,  299,   69,   80,    2,   60
  235,20220410,  279,   31,   60,    4,   64
  235,20220411,   90,   41,   70,   15,   90
  235,20220412,  119,   37,   70,   13,  122
  235,20220413,  228,   49,   60,   10,  115
  235,20220414,  293,   21,   50,   15,  102
  235,20220415,   48,   34,   60,   16,   85
  235,20220416,  104,   44,   60,   14,  104
  235,20220417,  122,   39,   60,   16,  117
  235,20220418,  193,   15,   70,   12,  119
  235,20220419,   54,   47,   90,   20,  119
  235,20220420,   60,   64,   90,   17,  111
  235,20220421,   56,   60,   90,   15,  116
  235,20220422,   54,   82,   90,    5,  121
  235,20220423,   69,   88,  100,   10,  131
  235,20220424,   46,   83,  100,    6,  109
  235,20220425,   40,   73,   90,    2,   93
  235,20220426,  352,   40,   60,   12,   92
  235,20220427,  327,   26,   40,    9,   94
  235,20220428,   42,   42,   60,   11,   89
  235,20220429,   39,   48,   70,   13,   86
  235,20220430,  344,   30,   60,    9,   85
  235,20220501,   52,   19,   50,   21,   87
  235,20220502,   35,   19,   40,   10,  100
  235,20220503,   14,   31,   50,    9,   92
  235,20220504,  279,    8,   30,   10,   91
  235,20220505,  249,   19,   40,    7,  117
  235,20220506,  231,   40,   70,   13,  122
  235,20220507,   25,   35,   60,   15,  125
  235,20220508,   38,   45,   60,   15,  102
  235,20220509,  150,   10,   40,    1,  138
  235,20220510,  215,   61,  110,    9,  144
  235,20220511,  232,   72,  110,   20,  126
  235,20220512,  244,   58,   80,   12,  128
  235,20220513,  241,   76,  100,   12,  130
  235,20220514,  278,   19,   40,    1,  137
  235,20220515,   66,   54,   80,   18,  161
  235,20220516,  201,   32,  100,   15,  160
  235,20220517,  111,    4,   50,    7,  175
  235,20220518,  344,    6,   50,    7,  173
  235,20220519,  231,   15,   60,   17,  156
  235,20220520,  214,   16,   80,   24,  130
  235,20220521,  261,   59,   90,    1,  129
  235,20220522,  167,   14,   40,    8,  154
  235,20220523,  260,    3,   60,   17,  149
  235,20220524,  243,   60,  100,   11,  128
  235,20220525,  227,   77,  120,   15,  134
  235,20220526,  246,   73,  100,   16,  143
  235,20220527,  288,   73,   90,    8,  131
  235,20220528,  322,   63,   70,    2,  120
  235,20220529,  342,   43,   60,    1,  108
  235,20220530,  282,   18,   40,    8,  113
  235,20220531,  138,   21,   50,   22,  129
  235,20220601,  297,   27,   60,   12,  125
  235,20220602,   11,   17,   60,   22,  133
  235,20220603,   57,   66,   90,   15,  153
  235,20220604,   48,   81,  100,   23,  138
  235,20220605,   50,   49,  100,    1,  153
  235,20220606,  251,   82,  100,    6,  128
  235,20220607,  257,   59,  110,    1,  127
  235,20220608,  218,   39,   60,    7,  148
  235,20220609,  259,   46,   70,    7,  151
  235,20220610,  221,   64,   90,   12,  161
  235,20220611,  233,   61,   80,    8,  160
  235,20220612,  256,   43,   70,   12,  154
  235,20220613,  290,   49,   70,   10,  139
  235,20220614,  266,   18,   60,   14,  152
  235,20220615,   60,   35,   50,   15,  173
  235,20220616,  115,    4,   40,   11,  180
  235,20220617,  208,   58,   90,   11,  220
  235,20220618,    9,   38,   80,   24,  169
  235,20220619,  345,   35,   60,    2,  140
  235,20220620,  329,   41,   70,   12,  145
  235,20220621,  290,   11,   40,   10,  143
  235,20220622,   47,   32,   60,   18,  164
  235,20220623,   62,   26,   50,    1,  213
  235,20220624,  223,   34,   70,   12,  186
  235,20220625,  214,   23,   60,    7,  177
  235,20220626,  246,   26,   60,    7,  175
  235,20220627,  212,   20,   50,   19,  168
  235,20220628,  218,   21,   60,    1,  181
  235,20220629,  118,   10,   60,   14,  200
  235,20220630,  278,   27,   70,   18,  174
  235,20220701,  231,   65,   90,   14,  167
  235,20220702,  215,   47,   80,    8,  178
  235,20220703,  258,   34,   60,   14,  166
  235,20220704,  259,   46,   70,   11,  168
  235,20220705,  286,   45,   60,    8,  161
  235,20220706,  258,   55,   90,   13,  166
  235,20220707,  324,   60,   80,    1,  158
  235,20220708,  273,   43,   70,    9,  172
  235,20220709,  330,   42,   70,   15,  170
  235,20220710,  303,   41,   60,    7,  169
  235,20220711,   20,   14,   30,    4,  170
  235,20220712,  213,   34,   70,   10,  201
  235,20220713,  317,   28,   60,   13,  190
  235,20220714,  313,   32,   70,   15,  161
  235,20220715,  259,   43,   70,   13,  169
  235,20220716,  326,   36,   50,    1,  161
  235,20220717,  226,   13,   40,   11,  180
  235,20220718,  210,   24,   50,   11,  227
  235,20220719,  130,   28,   60,   13,  283
  235,20220720,  220,   57,  100,    9,  220
  235,20220721,  309,   26,   60,   14,  174
  235,20220722,  327,   22,   30,    1,  162
  235,20220723,  240,    9,   40,   14,  175
  235,20220724,  212,   58,  100,   10,  218
  235,20220725,  239,   66,  110,   12,  200
  235,20220726,  331,   42,   60,   15,  168
  235,20220727,    9,   29,   50,   12,  164
  235,20220728,   67,   51,   80,   17,  170
  235,20220729,   40,   49,   80,    5,  180
  235,20220730,  242,   22,   50,   14,  187
  235,20220731,  248,   42,   80,   13,  187
  235,20220801,   50,   22,   40,    3,  176
  235,20220802,  204,   63,  100,   10,  193
  235,20220803,  215,   48,   70,    8,  198
  235,20220804,  292,   23,   50,    8,  195
  235,20220805,  312,   40,   70,   12,  172
  235,20220806,  294,   27,   40,    7,  167
  235,20220807,  273,   21,   50,   12,  163
  235,20220808,  348,   23,   50,   14,  183
  235,20220809,   55,   36,   60,   21,  193
  235,20220810,   54,   49,   60,    7,  207
  235,20220811,   49,   43,   60,   14,  223
  235,20220812,   47,   42,   60,   15,  231
  235,20220813,   72,   35,   50,   15,  244
  235,20220814,   80,   33,   50,    8,  246
  235,20220815,  226,   22,   60,   13,  217
  235,20220816,  246,   23,   60,    7,  209
  235,20220817,   34,   31,   60,   10,  195
  235,20220818,   48,   23,   40,    8,  198
  235,20220819,  254,   25,   60,    8,  198
  235,20220820,  237,   30,   60,   12,  184
  235,20220821,  247,   26,   60,   10,  182
  235,20220822,   87,   28,   50,   13,  199
  235,20220823,  217,   17,   40,    9,  209
  235,20220824,  223,    6,   60,    9,  221
  235,20220825,   33,    7,   70,   21,  235
  235,20220826,  345,   36,   50,    1,  187
  235,20220827,   21,   41,   60,   12,  183
  235,20220828,    5,   36,   50,   15,  179
  235,20220829,   36,   42,   60,   16,  182
  235,20220830,   54,   64,  100,   20,  190
  235,20220831,   58,   79,  100,   19,  185
  235,20220901,   67,   59,   90,   18,  185
  235,20220902,   95,   44,   60,   13,  195
  235,20220903,   93,   46,   60,    8,  200
  235,20220904,   96,   23,   40,    1,  204
  235,20220905,  155,   13,   60,   11,  222
  235,20220906,  189,   11,   60,   12,  207
  235,20220907,  187,   14,   50,   10,  193
  235,20220908,  192,   28,   70,   14,  175
  235,20220909,  167,   45,   70,    9,  162
  235,20220910,   46,   21,   50,   10,  172
  235,20220911,  246,    3,   30,   12,  172
  235,20220912,  213,   35,   70,   14,  185
  235,20220913,  318,   24,   40,    3,  171
  235,20220914,  343,   17,   40,   21,  167
  235,20220915,  319,   52,   70,   13,  152
  235,20220916,  324,   65,   90,   12,  142
  235,20220917,  326,   68,   80,    4,  134
  235,20220918,  325,   59,   70,    1,  134
  235,20220919,  333,   44,   60,    1,  143
  235,20220920,  347,   21,   40,    6,  134
  235,20220921,  165,    7,   20,    6,  125
  235,20220922,  190,   22,   40,   10,  128
  235,20220923,  182,   26,   40,    4,  136
  235,20220924,   25,   47,   60,    5,  147
  235,20220925,  298,   21,   80,   24,  135
  235,20220926,  265,   51,  110,    7,  134
  235,20220927,  300,   25,   60,    1,   99
  235,20220928,  259,   14,   40,   13,  107
  235,20220929,  181,    3,   20,    9,  109
  235,20220930,  193,   57,  110,   23,  126
  235,20221001,  264,   71,  110,    1,  152
  235,20221002,  291,   54,   80,    1,  150
  235,20221003,  239,   19,   40,   15,  143
  235,20221004,  204,   63,   80,   11,  146
  235,20221005,  226,   96,  130,   13,  160
  235,20221006,  241,   75,  110,    1,  143
  235,20221007,  223,   80,  110,   11,  155
  235,20221008,  280,   52,   80,    6,  130
  235,20221009,  163,   36,   60,   10,  110
  235,20221010,  271,   28,   70,   10,  118
  235,20221011,  265,   21,   40,    9,  114
  235,20221012,  179,   34,   50,   11,  107
  235,20221013,  220,   16,   40,    1,  123
  235,20221014,  200,   21,   60,   15,  125
  235,20221015,  209,   54,   90,   24,  143
  235,20221016,  222,   48,  100,    9,  143
  235,20221017,  205,   46,   80,    9,  155
  235,20221018,  306,   21,   50,   10,  131
  235,20221019,   92,   51,   70,   13,  118
  235,20221020,  134,   47,   70,    5,  117
  235,20221021,  180,   36,   80,   14,  145
  235,20221022,  203,   42,   70,    9,  143
  235,20221023,  141,   35,   60,   13,  142
  235,20221024,  218,   82,  130,    7,  153
  235,20221025,  227,   50,   80,    9,  141
  235,20221026,  199,   54,  100,   14,  148
  235,20221027,  167,   43,   70,   10,  160
  235,20221028,  207,   41,   90,   13,  154
  235,20221029,  170,   26,   60,   22,  152
  235,20221030,  212,   34,   50,    1,  152
  235,20221031,  147,   36,   60,   11,  134
  235,20221101,  205,  106,  150,    8,  139
  235,20221102,  224,   83,  120,    5,  125
  235,20221103,  181,   55,   90,   10,  123
  235,20221104,  300,   27,   50,    1,  108
  235,20221105,  219,   60,  110,   23,  110
  235,20221106,  198,   85,  120,   24,  111
  235,20221107,  214,   88,  110,    1,  134
  235,20221108,  188,   81,  110,   12,  127
  235,20221109,  227,   80,  100,    3,  127
  235,20221110,  228,   81,  100,   18,  136
  235,20221111,  211,   71,  100,    4,  117
  235,20221112,  141,   20,   30,    1,   92
  235,20221113,   84,   33,   50,   14,   96
  235,20221114,  124,   41,   60,    2,   68
  235,20221115,  155,   56,   80,   12,  100
  235,20221116,  143,   49,  100,   24,  104
  235,20221117,  137,   80,  120,    3,   98
  235,20221118,  115,   54,   80,   19,   71
  235,20221119,   91,   62,  100,    5,   18
  235,20221120,  135,   29,   50,   15,    6
  235,20221121,  138,   46,   80,   23,   41
  235,20221122,  163,   61,   70,    1,   64
  235,20221123,  175,   63,   80,   12,   82
  235,20221124,  199,   61,   90,    2,   97
  235,20221125,  235,   39,   70,    2,   99
  235,20221126,  190,   46,   70,   11,   86
  235,20221127,  174,   55,   80,    6,   68
  235,20221128,  212,   14,   50,    7,   85
  235,20221129,  323,   13,   40,   13,   74
  235,20221130,   57,    9,   20,    2,   65
  235,20221201,   60,   21,   40,   20,   60
  235,20221202,   66,   71,   90,   11,   36
  235,20221203,   77,   80,   90,    4,   32
  235,20221204,   77,   77,  100,   16,   22
  235,20221205,   43,   52,   80,    4,   59
  235,20221206,  337,   22,   40,   15,   60
  235,20221207,  317,   36,   50,    4,   57
  235,20221208,  311,   12,   50,    1,   23
  235,20221209,  187,   30,   40,   12,   -2
  235,20221210,  176,   28,   50,   15,    8
  235,20221211,  168,   35,   50,   11,   10
  235,20221212,  162,   27,   30,    1,  -14
  235,20221213,  161,   22,   30,    1,  -23
  235,20221214,  228,    4,   30,   16,  -11
  235,20221215,  294,   30,   70,   11,   38
  235,20221216,   39,   10,   50,    1,    9
  235,20221217,  177,   52,   60,   10,  -15
  235,20221218,  157,   49,   80,   24,  -20
  235,20221219,  196,   99,  120,    9,   78
  235,20221220,  205,   72,  130,   10,   95
  235,20221221,  204,   62,  100,   13,   67
  235,20221222,  216,   24,   60,   12,   71
  235,20221223,   90,   18,   50,   13,   65
  235,20221224,  229,   46,   80,    2,   81
  235,20221225,  193,   44,   70,    3,   89
  235,20221226,  251,   79,  130,    9,   76
  235,20221227,  229,   76,  120,   20,   71
  235,20221228,  210,  121,  150,   19,   90
  235,20221229,  230,   98,  130,    1,   91
  235,20221230,  199,   89,  140,   17,   82
  235,20221231,  216,  105,  140,   21,  113
